
SetupTitle, TFT Id-Vg-1
PrimitiveTest, I/V Sweep
TestParameter, Context.MainFrame, B1500A
TestParameter, Channel.UnitType, SMU, SMU, SMU
TestParameter, Channel.Unit, SMU4:HR, SMU1:HP, SMU3:HR
TestParameter, Channel.IName, Isource, Igate, Idrain
TestParameter, Channel.VName, Vsource, Vgate, Vdrain
TestParameter, Channel.Mode, V, V, V
TestParameter, Channel.Func, CONST, VAR1, VAR2
TestParameter, Channel.Index, 
TestParameter, Channel.Time, 
TestParameter, Measurement.Port.Unit, SMU4:HR, SMU1:HP, SMU3:HR
TestParameter, Measurement.Port.SeriesResistor, NONE, NONE, NONE
TestParameter, Measurement.Port.Filter, ON, ON, ON
TestParameter, Measurement.Port.OutputVoltageComparison, 0, 0, 0
TestParameter, Measurement.Primary.Locus, Single
TestParameter, Measurement.Primary.Scale, LINEAR
TestParameter, Measurement.Primary.Start, -5
TestParameter, Measurement.Primary.Stop, 10
TestParameter, Measurement.Primary.Step, 0.05
TestParameter, Measurement.Primary.Compliance, 0.01
TestParameter, Measurement.Primary.PowerCompliance, 0
TestParameter, Measurement.Aborting.Condition, CONTINUE AT ANY
TestParameter, Measurement.PostOutput.Value, START
TestParameter, Measurement.PostOutput.Retention, OFF
TestParameter, Measurement.Secondary.Start, 1
TestParameter, Measurement.Secondary.Count, 3
TestParameter, Measurement.Secondary.Step, 2
TestParameter, Measurement.Secondary.Compliance, 0.0001
TestParameter, Measurement.Secondary.PowerCompliance, 0
TestParameter, Measurement.Bias.Source, 0, -5, 1
TestParameter, Measurement.Bias.Compliance, 0.1, 0.01, 0.0001
TestParameter, Measurement.Monitor.Unit, SMU4:HR, SMU1:HP, SMU3:HR
TestParameter, Measurement.Monitor.Adc, HR ADC, HR ADC, HR ADC
TestParameter, Measurement.Monitor.Measurement, Compliance Side, Compliance Side, Compliance Side
TestParameter, Measurement.Monitor.RangingMode, LIMITED, LIMITED, LIMITED
TestParameter, Measurement.Monitor.RangeBoundary, 1nA, 1nA, 100pA
TestParameter, Measurement.Monitor.RangeRating, BY FULL RANGE, BY FULL RANGE, BY FULL RANGE
TestParameter, Measurement.Monitor.RangeRatingCoeff, 50, 50, 50
TestParameter, Measurement.Timing.Hold, 0
TestParameter, Measurement.Timing.Delay, 0
TestParameter, Measurement.Adc.HighSpeed.Mode, AUTO
TestParameter, Measurement.Adc.HighSpeed.Coeff, 1
TestParameter, Measurement.Adc.HighResolution.AutoZero, OFF
TestParameter, Measurement.Adc.HighResolution.Mode, AUTO
TestParameter, Measurement.Adc.HighResolution.Coeff, 6
TestParameter, Measurement.WaitTime.Source.Coeff, 1
TestParameter, Measurement.WaitTime.Source.Offset, 0
TestParameter, Measurement.WaitTime.Monitor.Coeff, 1
TestParameter, Measurement.WaitTime.Monitor.Offset, 0
TestParameter, Function.User.Name, gm
TestParameter, Function.User.Unit, S
TestParameter, Function.User.Definition, diff(Idrain, Vgate)
TestParameter, Output.Graph.Enabled, true
TestParameter, Output.Graph.XAxis.Data, Vgate
TestParameter, Output.Graph.XAxis.Scale, Linear
TestParameter, Output.Graph.XAxis.Left, -2
TestParameter, Output.Graph.XAxis.Right, 15
TestParameter, Output.Graph.YAxis.Data, Idrain, gm, Idrain
TestParameter, Output.Graph.YAxis.Scale, Log, Linear, Linear
TestParameter, Output.Graph.YAxis.Bottom, 0, 0, -0.0001
TestParameter, Output.Graph.YAxis.Top, 0.001, 1, 0.0001
TestParameter, Output.Graph.YAxis.Group, , , 
TestParameter, Output.List.Data, Vgate, Vdrain, Igate, Idrain, gm
TestParameter, AutoAnalysis.Interpolation, false
TestParameter, AutoAnalysis.Line1.Enabled, false
TestParameter, AutoAnalysis.Line1.Type, 1
TestParameter, AutoAnalysis.Line1.Fix, True
TestParameter, AutoAnalysis.Line1.YAxis, 0
TestParameter, AutoAnalysis.Line1.Point1.Type, 0
TestParameter, AutoAnalysis.Line1.Point1.XY.X, 
TestParameter, AutoAnalysis.Line1.Point1.XY.Y, 
TestParameter, AutoAnalysis.Line1.Point1.Data.Var, 
TestParameter, AutoAnalysis.Line1.Point1.Data.Condition, 
TestParameter, AutoAnalysis.Line1.Point1.Data.Start, false
TestParameter, AutoAnalysis.Line1.Point1.Data.StartVar, 
TestParameter, AutoAnalysis.Line1.Point1.Data.StartCondition, 
TestParameter, AutoAnalysis.Line1.Point2.Type, 0
TestParameter, AutoAnalysis.Line1.Point2.XY.X, 
TestParameter, AutoAnalysis.Line1.Point2.XY.Y, 
TestParameter, AutoAnalysis.Line1.Point2.Data.Var, 
TestParameter, AutoAnalysis.Line1.Point2.Data.Condition, 
TestParameter, AutoAnalysis.Line1.Point2.Data.Start, false
TestParameter, AutoAnalysis.Line1.Point2.Data.StartVar, 
TestParameter, AutoAnalysis.Line1.Point2.Data.StartCondition, 
TestParameter, AutoAnalysis.Line1.GradientExpr, 0
TestParameter, AutoAnalysis.Line2.Enabled, false
TestParameter, AutoAnalysis.Line2.Type, 1
TestParameter, AutoAnalysis.Line2.Fix, True
TestParameter, AutoAnalysis.Line2.YAxis, 0
TestParameter, AutoAnalysis.Line2.Point1.Type, 0
TestParameter, AutoAnalysis.Line2.Point1.XY.X, 
TestParameter, AutoAnalysis.Line2.Point1.XY.Y, 
TestParameter, AutoAnalysis.Line2.Point1.Data.Var, 
TestParameter, AutoAnalysis.Line2.Point1.Data.Condition, 
TestParameter, AutoAnalysis.Line2.Point1.Data.Start, false
TestParameter, AutoAnalysis.Line2.Point1.Data.StartVar, 
TestParameter, AutoAnalysis.Line2.Point1.Data.StartCondition, 
TestParameter, AutoAnalysis.Line2.Point2.Type, 0
TestParameter, AutoAnalysis.Line2.Point2.XY.X, 
TestParameter, AutoAnalysis.Line2.Point2.XY.Y, 
TestParameter, AutoAnalysis.Line2.Point2.Data.Var, 
TestParameter, AutoAnalysis.Line2.Point2.Data.Condition, 
TestParameter, AutoAnalysis.Line2.Point2.Data.Start, false
TestParameter, AutoAnalysis.Line2.Point2.Data.StartVar, 
TestParameter, AutoAnalysis.Line2.Point2.Data.StartCondition, 
TestParameter, AutoAnalysis.Line2.GradientExpr, 0
TestParameter, AutoAnalysis.Marker.Enabled, false
TestParameter, AutoAnalysis.Marker.Data.Var, 
TestParameter, AutoAnalysis.Marker.Data.Condition, 
TestParameter, AutoAnalysis.Marker.Data.Start, false
TestParameter, AutoAnalysis.Marker.Data.StartVar, 
TestParameter, AutoAnalysis.Marker.Data.StartCondition, 
MetaData, TestRecord.EntryPoint, true
MetaData, TestRecord.RecordTime, 11/10/2017 09:58:21
MetaData, TestRecord.TestTarget, 100um_50um
MetaData, TestRecord.IterationIndex, 1
MetaData, TestRecord.Preservation, true
MetaData, TestRecord.Flag, 
MetaData, TestRecord.Remarks, 
MetaData, TestRecord.LinkKey, d142d11e-1e6f-40d8-81a0-dcb2e1ee98fe
AnalysisSetup, Analysis.Setup.Vector.Graph.Enabled, true
AnalysisSetup, Analysis.Setup.Vector.Graph.ActiveYAxis, 0
AnalysisSetup, Analysis.Setup.Vector.Graph.LeftYAxis, 0
AnalysisSetup, Analysis.Setup.Vector.Graph.RightYAxis, 1
AnalysisSetup, Analysis.Setup.Vector.Graph.XAxis.Name, Vgate
AnalysisSetup, Analysis.Setup.Vector.Graph.XAxis.GroupName, 
AnalysisSetup, Analysis.Setup.Vector.Graph.XAxis.Unit, V
AnalysisSetup, Analysis.Setup.Vector.Graph.XAxis.Scale, Linear
AnalysisSetup, Analysis.Setup.Vector.Graph.XAxis.Left, -2
AnalysisSetup, Analysis.Setup.Vector.Graph.XAxis.Right, 15
AnalysisSetup, Analysis.Setup.Vector.Graph.YAxis.Name, Idrain, gm, Idrain
AnalysisSetup, Analysis.Setup.Vector.Graph.YAxis.GroupName, , , 
AnalysisSetup, Analysis.Setup.Vector.Graph.YAxis.Unit, A, S, A
AnalysisSetup, Analysis.Setup.Vector.Graph.YAxis.Scale, Log, Linear, Linear
AnalysisSetup, Analysis.Setup.Vector.Graph.YAxis.Bottom, 1E-15, 0, -0.0001
AnalysisSetup, Analysis.Setup.Vector.Graph.YAxis.Top, 0.001, 1, 0.0001
AnalysisSetup, Analysis.Setup.Vector.Graph.Operation.Marker.Enabled, false
AnalysisSetup, Analysis.Setup.Vector.Graph.Operation.Marker.Interpolation, false
AnalysisSetup, Analysis.Setup.Vector.Graph.Operation.Marker.Index, 0
AnalysisSetup, Analysis.Setup.Vector.Graph.Operation.Marker.Step, 0
AnalysisSetup, Analysis.Setup.Vector.Graph.Operation.Cursor.Enabled, false
AnalysisSetup, Analysis.Setup.Vector.Graph.Operation.Cursor.Active, true
AnalysisSetup, Analysis.Setup.Vector.Graph.Operation.Cursor.NormalX, 0.5
AnalysisSetup, Analysis.Setup.Vector.Graph.Operation.Cursor.NormalY, 0.5
AnalysisSetup, Analysis.Setup.Vector.Graph.Operation.Line1.Enabled, false
AnalysisSetup, Analysis.Setup.Vector.Graph.Operation.Line1.Active, false
AnalysisSetup, Analysis.Setup.Vector.Graph.Operation.Line1.Fix, false
AnalysisSetup, Analysis.Setup.Vector.Graph.Operation.Line1.Type, 1
AnalysisSetup, Analysis.Setup.Vector.Graph.Operation.Line1.YAxisIndex, 0
AnalysisSetup, Analysis.Setup.Vector.Graph.Operation.Line1.LastIndex, -1
AnalysisSetup, Analysis.Setup.Vector.Graph.Operation.Line1.LastStep, -1
AnalysisSetup, Analysis.Setup.Vector.Graph.Operation.Line1.Cursor1.Enabled, false
AnalysisSetup, Analysis.Setup.Vector.Graph.Operation.Line1.Cursor1.Active, false
AnalysisSetup, Analysis.Setup.Vector.Graph.Operation.Line1.Cursor1.NormalX, 0.5
AnalysisSetup, Analysis.Setup.Vector.Graph.Operation.Line1.Cursor1.NormalY, 0.5
AnalysisSetup, Analysis.Setup.Vector.Graph.Operation.Line1.Cursor2.Enabled, false
AnalysisSetup, Analysis.Setup.Vector.Graph.Operation.Line1.Cursor2.Active, false
AnalysisSetup, Analysis.Setup.Vector.Graph.Operation.Line1.Cursor2.NormalX, 0.5
AnalysisSetup, Analysis.Setup.Vector.Graph.Operation.Line1.Cursor2.NormalY, 0.5
AnalysisSetup, Analysis.Setup.Vector.Graph.Operation.Line1.Gradient, 
AnalysisSetup, Analysis.Setup.Vector.Graph.Operation.Line2.Enabled, false
AnalysisSetup, Analysis.Setup.Vector.Graph.Operation.Line2.Active, false
AnalysisSetup, Analysis.Setup.Vector.Graph.Operation.Line2.Fix, false
AnalysisSetup, Analysis.Setup.Vector.Graph.Operation.Line2.Type, 1
AnalysisSetup, Analysis.Setup.Vector.Graph.Operation.Line2.YAxisIndex, 0
AnalysisSetup, Analysis.Setup.Vector.Graph.Operation.Line2.LastIndex, -1
AnalysisSetup, Analysis.Setup.Vector.Graph.Operation.Line2.LastStep, -1
AnalysisSetup, Analysis.Setup.Vector.Graph.Operation.Line2.Cursor1.Enabled, false
AnalysisSetup, Analysis.Setup.Vector.Graph.Operation.Line2.Cursor1.Active, false
AnalysisSetup, Analysis.Setup.Vector.Graph.Operation.Line2.Cursor1.NormalX, 0.5
AnalysisSetup, Analysis.Setup.Vector.Graph.Operation.Line2.Cursor1.NormalY, 0.5
AnalysisSetup, Analysis.Setup.Vector.Graph.Operation.Line2.Cursor2.Enabled, false
AnalysisSetup, Analysis.Setup.Vector.Graph.Operation.Line2.Cursor2.Active, false
AnalysisSetup, Analysis.Setup.Vector.Graph.Operation.Line2.Cursor2.NormalX, 0.5
AnalysisSetup, Analysis.Setup.Vector.Graph.Operation.Line2.Cursor2.NormalY, 0.5
AnalysisSetup, Analysis.Setup.Vector.Graph.Operation.Line2.Gradient, 
AnalysisSetup, Analysis.Setup.Vector.Graph.Preference.BackgroundColor, -1
AnalysisSetup, Analysis.Setup.Vector.Graph.Preference.TextColor, -16777215
AnalysisSetup, Analysis.Setup.Vector.Graph.Preference.GridColor, -3618616
AnalysisSetup, Analysis.Setup.Vector.Graph.Preference.LineColor, -65336
AnalysisSetup, Analysis.Setup.Vector.Graph.Preference.Plots.Y1.Visible, true
AnalysisSetup, Analysis.Setup.Vector.Graph.Preference.Plots.Y1.PlotColor, -16777036
AnalysisSetup, Analysis.Setup.Vector.Graph.Preference.Plots.Y1.Thickness, 1
AnalysisSetup, Analysis.Setup.Vector.Graph.Preference.Plots.Y2.Visible, true
AnalysisSetup, Analysis.Setup.Vector.Graph.Preference.Plots.Y2.PlotColor, -39936
AnalysisSetup, Analysis.Setup.Vector.Graph.Preference.Plots.Y2.Thickness, 1
AnalysisSetup, Analysis.Setup.Vector.Graph.Preference.Plots.Y3.Visible, true
AnalysisSetup, Analysis.Setup.Vector.Graph.Preference.Plots.Y3.PlotColor, -16731136
AnalysisSetup, Analysis.Setup.Vector.Graph.Preference.Plots.Y3.Thickness, 1
AnalysisSetup, Analysis.Setup.Vector.Graph.Preference.Plots.Y4.Visible, true
AnalysisSetup, Analysis.Setup.Vector.Graph.Preference.Plots.Y4.PlotColor, -8892376
AnalysisSetup, Analysis.Setup.Vector.Graph.Preference.Plots.Y4.Thickness, 1
AnalysisSetup, Analysis.Setup.Vector.Graph.Preference.Plots.Y5.Visible, true
AnalysisSetup, Analysis.Setup.Vector.Graph.Preference.Plots.Y5.PlotColor, -65536
AnalysisSetup, Analysis.Setup.Vector.Graph.Preference.Plots.Y5.Thickness, 1
AnalysisSetup, Analysis.Setup.Vector.Graph.Preference.Plots.Y6.Visible, true
AnalysisSetup, Analysis.Setup.Vector.Graph.Preference.Plots.Y6.PlotColor, -14336
AnalysisSetup, Analysis.Setup.Vector.Graph.Preference.Plots.Y6.Thickness, 1
AnalysisSetup, Analysis.Setup.Vector.Graph.Preference.Plots.Y7.Visible, true
AnalysisSetup, Analysis.Setup.Vector.Graph.Preference.Plots.Y7.PlotColor, -6946586
AnalysisSetup, Analysis.Setup.Vector.Graph.Preference.Plots.Y7.Thickness, 1
AnalysisSetup, Analysis.Setup.Vector.Graph.Preference.Plots.Y8.Visible, true
AnalysisSetup, Analysis.Setup.Vector.Graph.Preference.Plots.Y8.PlotColor, -16733546
AnalysisSetup, Analysis.Setup.Vector.Graph.Preference.Plots.Y8.Thickness, 1
AnalysisSetup, Analysis.Setup.Vector.Graph.Preference.Text.AxisTitle.FontName, Tahoma
AnalysisSetup, Analysis.Setup.Vector.Graph.Preference.Text.AxisTitle.RelativeSize, Medium
AnalysisSetup, Analysis.Setup.Vector.Graph.Preference.Text.AxisTitle.Size, 7
AnalysisSetup, Analysis.Setup.Vector.Graph.Preference.Text.ScaleText.FontName, Tahoma
AnalysisSetup, Analysis.Setup.Vector.Graph.Preference.Text.ScaleText.RelativeSize, Medium
AnalysisSetup, Analysis.Setup.Vector.Graph.Preference.Text.ScaleText.Size, 7
AnalysisSetup, Analysis.Setup.Vector.Graph.Preference.Text.Legend.FontName, Tahoma
AnalysisSetup, Analysis.Setup.Vector.Graph.Preference.Text.Legend.RelativeSize, Medium
AnalysisSetup, Analysis.Setup.Vector.Graph.Preference.Text.Legend.Size, 7
AnalysisSetup, Analysis.Setup.Vector.Graph.Preference.Scale.LogTickedDecadeCount, 6
AnalysisSetup, Analysis.Setup.Vector.Graph.Preference.LogoVisible, true
AnalysisSetup, Analysis.Setup.Vector.Graph.Preference.GridVisible, true
AnalysisSetup, Analysis.Setup.Vector.Graph.Preference.SetupSummaryVisible, false
AnalysisSetup, Analysis.Setup.Vector.Graph.Notes, Vgate: [ -5 , 10 ] V / 301; Igate: 10 mA	Vdrain: [ 1 , 5 ] V / 2 V; Idrain: 100 uA	Vsource: 0 V; Isource: 100 mA
AnalysisSetup, Analysis.Setup.Vector.List.Datum.Name, Vgate, Vdrain, Igate, Idrain, gm
AnalysisSetup, Analysis.Setup.Vector.List.Datum.Unit, V, V, A, A, S
AnalysisSetup, Analysis.Setup.Preference.GraphVisible, true
AnalysisSetup, Analysis.Setup.Preference.ListVisible, true
AnalysisSetup, Analysis.Setup.Preference.ScalarVisible, true
AnalysisSetup, Analysis.Setup.Title, TFT Id-Vg-1
Dimension1, 301, 301, 301, 301, 301
Dimension2, 3, 3, 3, 3, 3
DataName, Vgate, Vdrain, Igate, Idrain, gm
DataValue, -5, 1, 3.9000000000000005E-13, -1.4319999999999999E-13, -2.4920000000000088E-12
DataValue, -4.95, 1, 4.1E-13, -2.678E-13, -1.3980000000000052E-12
DataValue, -4.9, 1, -1.5000000000000002E-13, -2.83E-13, 5.84000000000002E-13
DataValue, -4.8500000000000005, 1, -2.5E-13, -2.094E-13, 1.2999999999999927E-13
DataValue, -4.8, 1, -1.1000000000000001E-13, -2.7E-13, -1.0319999999999946E-12
DataValue, -4.75, 1, 2.9000000000000003E-13, -3.126E-13, -4.7000000000000173E-13
DataValue, -4.7, 1, -1.8000000000000002E-13, -3.17E-13, 1.0100000000000036E-12
DataValue, -4.65, 1, -2.1000000000000001E-13, -2.116E-13, -3.3999999999999773E-14
DataValue, -4.6000000000000005, 1, -1.7E-13, -3.204E-13, -9.9399999999999455E-13
DataValue, -4.55, 1, 0, -3.11E-13, 3.5599999999999778E-13
DataValue, -4.5, 1, -2.9000000000000003E-13, -2.848E-13, 1.9999999999998976E-15
DataValue, -4.45, 1, -2.5E-13, -3.108E-13, 8.38000000000003E-13
DataValue, -4.4, 1, 7E-14, -2.01E-13, 1.9400000000000066E-13
DataValue, -4.3500000000000005, 1, 8.300000000000001E-13, -2.914E-13, -4.2599999999999763E-13
DataValue, -4.3, 1, -2.0000000000000003E-14, -2.436E-13, -5.5199999999999714E-13
DataValue, -4.25, 1, 5.9E-13, -3.466E-13, -1.0540000000000036E-12
DataValue, -4.2, 1, -4.2000000000000003E-13, -3.49E-13, 1.0800000000000052E-13
DataValue, -4.15, 1, -3.7000000000000004E-13, -3.358E-13, -1.8399999999999904E-13
DataValue, -4.1, 1, 5.2E-13, -3.674E-13, -2.9399999999999849E-13
DataValue, -4.05, 1, -9.0000000000000008E-14, -3.652E-13, 9.5400000000000321E-13
DataValue, -4, 1, -5E-13, -2.72E-13, 4.1200000000000163E-13
DataValue, -3.95, 1, -1.7E-13, -3.24E-13, -3.5799999999999979E-13
DataValue, -3.9, 1, 1.0000000000000002E-14, -3.078E-13, 1.5799999999999978E-13
DataValue, -3.85, 1, -3.8000000000000005E-13, -3.082E-13, -4.9800000000000182E-13
DataValue, -3.8000000000000003, 1, -2E-13, -3.576E-13, -2.0999999999999994E-13
DataValue, -3.75, 1, 3.0000000000000003E-13, -3.292E-13, -3.5799999999999928E-13
DataValue, -3.7, 1, -1.9000000000000002E-13, -3.9339999999999997E-13, 1.3199999999999972E-13
DataValue, -3.65, 1, -4.6000000000000006E-13, -3.16E-13, 3.2399999999999963E-13
DataValue, -3.6, 1, 1.2000000000000002E-13, -3.61E-13, -2.2000000000000035E-13
DataValue, -3.5500000000000003, 1, 1.2000000000000002E-13, -3.3799999999999997E-13, -3.7599999999999976E-13
DataValue, -3.5, 1, -1.8000000000000002E-13, -3.986E-13, -1.5000000000000024E-13
DataValue, -3.45, 1, -2.1000000000000001E-13, -3.53E-13, 1.2739999999999988E-12
DataValue, -3.4, 1, 8E-13, -2.712E-13, 7.4399999999999946E-13
DataValue, -3.35, 1, 1.08E-12, -2.786E-13, -6.2400000000000239E-13
DataValue, -3.3000000000000003, 1, 1.22E-12, -3.336E-13, -8.8199999999999937E-13
DataValue, -3.25, 1, 1.9000000000000002E-13, -3.668E-13, -6.4799999999999926E-13
DataValue, -3.2, 1, -1E-13, -3.984E-13, 4.0800000000000003E-13
DataValue, -3.15, 1, -5.2E-13, -3.2599999999999997E-13, 3.4599999999999994E-13
DataValue, -3.1, 1, -2.5E-13, -3.6379999999999997E-13, -2.5800000000000092E-13
DataValue, -3.0500000000000003, 1, 5E-13, -3.518E-13, -6.3999999999999967E-14
DataValue, -3, 1, -7E-14, -3.702E-13, 3.4599999999999943E-13
DataValue, -2.95, 1, -2.4000000000000004E-13, -3.172E-13, -1.5799999999999978E-13
DataValue, -2.9, 1, 6.0000000000000009E-14, -3.8599999999999997E-13, -1.1199999999999989E-12
DataValue, -2.85, 1, 3.0000000000000003E-13, -4.292E-13, 4.300000000000012E-13
DataValue, -2.8000000000000003, 1, -3.2000000000000005E-13, -3.43E-13, 1.0199999999999989E-12
DataValue, -2.75, 1, -1.5000000000000002E-13, -3.272E-13, -3.6799999999999974E-13
DataValue, -2.7, 1, 9.2000000000000012E-13, -3.798E-13, -3.7599999999999926E-13
DataValue, -2.65, 1, -3.6000000000000003E-13, -3.6479999999999997E-13, 6.159999999999996E-13
DataValue, -2.6, 1, -6.7000000000000007E-13, -3.182E-13, 1.5800000000000049E-13
DataValue, -2.5500000000000003, 1, -2.7E-13, -3.49E-13, -5.4199999999999961E-13
DataValue, -2.5, 1, 1.2000000000000002E-13, -3.724E-13, -3.0800000000000005E-13
DataValue, -2.45, 1, -5.4E-13, -3.798E-13, 1.0299999999999993E-12
DataValue, -2.4, 1, -3.8000000000000005E-13, -2.694E-13, 5.4199999999999961E-13
DataValue, -2.35, 1, 2.8E-13, -3.256E-13, -9.9200000000000365E-13
DataValue, -2.3000000000000003, 1, 0, -3.686E-13, -1.3799999999999989E-13
DataValue, -2.25, 1, -3.5E-13, -3.394E-13, 4.5799999999999977E-13
DataValue, -2.2, 1, -9.0000000000000008E-14, -3.228E-13, -7.0199999999999933E-13
DataValue, -2.15, 1, 3.6000000000000003E-13, -4.096E-13, -5.1799999999999941E-13
DataValue, -2.1, 1, -2.3000000000000003E-13, -3.746E-13, 7.9799999999999953E-13
DataValue, -2.05, 1, -1.1000000000000001E-13, -3.2979999999999997E-13, -2.4000000000000179E-14
DataValue, -2, 1, 2.4000000000000004E-13, -3.77E-13, 4.5400000000000049E-13
DataValue, -1.95, 1, 1.2000000000000002E-13, -2.844E-13, 3.820000000000008E-13
DataValue, -1.9000000000000001, 1, 1.1100000000000001E-12, -3.388E-13, -5.7200000000000079E-13
DataValue, -1.85, 1, -2.9000000000000003E-13, -3.416E-13, -8.5399999999999939E-13
DataValue, -1.8, 1, 1.5000000000000002E-13, -4.242E-13, 9.3999999999999814E-14
DataValue, -1.75, 1, -1.2000000000000002E-13, -3.322E-13, 8.5399999999999939E-13
DataValue, -1.7, 1, -3.0000000000000003E-13, -3.388E-13, -6.7800000000000115E-13
DataValue, -1.6500000000000001, 1, -3.3E-13, -4E-13, -1.6000000000000156E-14
DataValue, -1.6, 1, 1.4E-13, -3.404E-13, 6.2399999999999966E-13
DataValue, -1.55, 1, -4.5000000000000005E-13, -3.376E-13, -1.6799999999999974E-13
DataValue, -1.5, 1, -4.5000000000000005E-13, -3.572E-13, -8.9199999999999933E-13
DataValue, -1.45, 1, 4.9E-13, -4.268E-13, -1.6600000000000023E-13
DataValue, -1.4000000000000001, 1, -3.4E-13, -3.738E-13, 1.0520000000000014E-12
DataValue, -1.35, 1, -1.6000000000000003E-13, -3.216E-13, -1.4000000000000231E-14
DataValue, -1.3, 1, 5E-14, -3.752E-13, -5.8799999999999911E-13
DataValue, -1.25, 1, 3.4E-13, -3.8039999999999997E-13, 1.0400000000000028E-13
DataValue, -1.2, 1, -1.8000000000000002E-13, -3.6479999999999997E-13, 3.0200000000000003E-13
DataValue, -1.1500000000000001, 1, -4.8000000000000008E-13, -3.502E-13, 1.1620000000000015E-12
DataValue, -1.1, 1, 6.1E-13, -2.4859999999999997E-13, -2.4999999999999974E-13
DataValue, -1.05, 1, 1.23E-12, -3.752E-13, -2.8000000000000007E-13
DataValue, -1, 1, -8.0000000000000013E-14, -2.766E-13, -1.6799999999999992E-13
DataValue, -0.95000000000000007, 1, 5E-14, -3.92E-13, -9.18E-13
DataValue, -0.9, 1, -3.7000000000000004E-13, -3.684E-13, 4.499999999999997E-13
DataValue, -0.85, 1, -3.0000000000000003E-13, -3.47E-13, 2.1599999999999984E-13
DataValue, -0.8, 1, 5E-14, -3.468E-13, 9.18E-13
DataValue, -0.75, 1, 3.6000000000000003E-13, -2.552E-13, 9.1600000000000014E-13
DataValue, -0.70000000000000007, 1, 1.5600000000000002E-12, -2.552E-13, -4.82E-13
DataValue, -0.65, 1, 1E-12, -3.034E-13, -1.4419999999999985E-12
DataValue, -0.6, 1, 6.0000000000000007E-13, -3.994E-13, -5.2999999999999986E-13
DataValue, -0.55, 1, -9.0000000000000008E-14, -3.564E-13, 4.9640000000000011E-12
DataValue, -0.5, 1, 9.0000000000000008E-14, 9.7E-14, 1.8429999999999995E-11
DataValue, -0.45, 1, 2.2000000000000002E-13, 1.4866E-12, 6.0846000000000019E-11
DataValue, -0.4, 1, 7.7000000000000005E-13, 6.1816E-12, 2.14256E-10
DataValue, -0.35000000000000003, 1, -2.4000000000000004E-13, 2.29122E-11, 6.9304399999999964E-10
DataValue, -0.3, 1, 1.17E-12, 7.5486E-11, 1.9952779999999995E-09
DataValue, -0.25, 1, 7.9000000000000007E-13, 2.2244E-10, 4.8084400000000021E-09
DataValue, -0.2, 1, 6.9000000000000009E-13, 5.5633000000000008E-10, 9.2826E-09
DataValue, -0.15, 1, 9.5E-13, 1.1507E-09, 1.45847E-08
DataValue, -0.1, 1, -2.9000000000000003E-13, 2.0148E-09, 1.9832000000000005E-08
DataValue, -0.05, 1, -1.7E-13, 3.1339E-09, 2.4864999999999995E-08
DataValue, 0, 1, 2.7E-13, 4.5013E-09, 2.9799999999999996E-08
DataValue, 0.05, 1, 9.9E-13, 6.1139E-09, 3.4792E-08
DataValue, 0.1, 1, 1.26E-12, 7.9805E-09, 3.991500000000001E-08
DataValue, 0.15, 1, 1.02E-12, 1.01054E-08, 4.5410999999999995E-08
DataValue, 0.2, 1, 1.5000000000000002E-13, 1.25216E-08, 5.0565999999999965E-08
DataValue, 0.25, 1, 1.18E-12, 1.5161999999999997E-08, 5.5590000000000017E-08
DataValue, 0.3, 1, 8.1000000000000008E-13, 1.80806E-08, 6.0992E-08
DataValue, 0.35000000000000003, 1, 7.5E-13, 2.12612E-08, 6.6399999999999959E-08
DataValue, 0.4, 1, 9.7000000000000011E-13, 2.47206E-08, 7.1756000000000011E-08
DataValue, 0.45, 1, 6.1E-13, 2.8436799999999998E-08, 7.7167999999999993E-08
DataValue, 0.5, 1, 6.0000000000000007E-13, 3.2437399999999996E-08, 8.2671999999999948E-08
DataValue, 0.55, 1, 9.000000000000001E-13, 3.6703999999999996E-08, 8.805200000000004E-08
DataValue, 0.6, 1, 8.8000000000000009E-13, 4.12426E-08, 9.3404000000000007E-08
DataValue, 0.65, 1, 5.3000000000000006E-13, 4.6044399999999994E-08, 9.8819999999999862E-08
DataValue, 0.70000000000000007, 1, 8.4000000000000006E-13, 5.1124599999999994E-08, 1.0503400000000003E-07
DataValue, 0.75, 1, 6.6E-13, 5.6547799999999994E-08, 1.1023000000000008E-07
DataValue, 0.8, 1, 6.0000000000000009E-14, 6.21476E-08, 1.1465E-07
DataValue, 0.85, 1, -2E-13, 6.8012799999999991E-08, 1.1980999999999996E-07
DataValue, 0.9, 1, -8.0000000000000013E-14, 7.4128599999999993E-08, 1.2450799999999989E-07
DataValue, 0.95000000000000007, 1, 5E-14, 8.046359999999999E-08, 1.2861600000000007E-07
DataValue, 1, 1, -2.0000000000000003E-14, 8.69902E-08, 1.3253400000000004E-07
DataValue, 1.05, 1, -1E-13, 9.3716999999999991E-08, 1.3589799999999981E-07
DataValue, 1.1, 1, -2.1000000000000001E-13, 1.0057999999999999E-07, 1.3828199999999981E-07
DataValue, 1.1500000000000001, 1, -4E-13, 1.0754519999999999E-07, 1.4022800000000014E-07
DataValue, 1.2, 1, -3.8000000000000005E-13, 1.1460279999999999E-07, 1.4134800000000022E-07
DataValue, 1.25, 1, -3.6000000000000003E-13, 1.2168E-07, 1.4237200000000008E-07
DataValue, 1.3, 1, 5.1E-13, 1.2884E-07, 1.4440000000000002E-07
DataValue, 1.35, 1, 1.02E-12, 1.3612E-07, 1.4479999999999968E-07
DataValue, 1.4000000000000001, 1, 8.4000000000000006E-13, 1.4332E-07, 1.4440000000000008E-07
DataValue, 1.45, 1, 2.3000000000000003E-13, 1.5056E-07, 1.4520000000000019E-07
DataValue, 1.5, 1, -9.0000000000000008E-14, 1.5784E-07, 1.4599999999999998E-07
DataValue, 1.55, 1, 7.7000000000000005E-13, 1.6516E-07, 1.4599999999999998E-07
DataValue, 1.6, 1, 9.7000000000000011E-13, 1.7244E-07, 1.4639999999999991E-07
DataValue, 1.6500000000000001, 1, 1.0500000000000002E-12, 1.798E-07, 1.4780000000000023E-07
DataValue, 1.7, 1, 1.7E-13, 1.8722E-07, 1.4800000000000019E-07
DataValue, 1.75, 1, -3.0000000000000003E-13, 1.946E-07, 1.4839999999999979E-07
DataValue, 1.8, 1, 7.4000000000000008E-13, 2.0206E-07, 1.4899999999999968E-07
DataValue, 1.85, 1, 1.2500000000000001E-12, 2.095E-07, 1.5079999999999987E-07
DataValue, 1.9000000000000001, 1, 7.3E-13, 2.1714E-07, 1.5180000000000029E-07
DataValue, 1.95, 1, -1.0000000000000002E-14, 2.2468E-07, 1.5100000000000017E-07
DataValue, 2, 1, -7E-14, 2.3224E-07, 1.5160000000000033E-07
DataValue, 2.05, 1, 8.300000000000001E-13, 2.3984E-07, 1.5220000000000013E-07
DataValue, 2.1, 1, 1.5300000000000001E-12, 2.4746E-07, 1.5239999999999957E-07
DataValue, 2.15, 1, 6.2000000000000008E-13, 2.5508E-07, 1.5279999999999949E-07
DataValue, 2.2, 1, -1.1000000000000001E-13, 2.6274E-07, 1.5300000000000025E-07
DataValue, 2.25, 1, -2.4000000000000004E-13, 2.7038E-07, 1.5359999999999987E-07
DataValue, 2.3000000000000003, 1, 8.9E-13, 2.781E-07, 1.5439999999999972E-07
DataValue, 2.35, 1, 1.12E-12, 2.8582E-07, 1.5460000000000063E-07
DataValue, 2.4, 1, 1.5000000000000002E-13, 2.9356E-07, 1.5639999999999987E-07
DataValue, 2.45, 1, -1.7E-13, 3.0146E-07, 1.5679999999999979E-07
DataValue, 2.5, 1, 3.9000000000000005E-13, 3.0924E-07, 1.5619999999999964E-07
DataValue, 2.5500000000000003, 1, 1.2800000000000002E-12, 3.1708E-07, 1.5620000000000017E-07
DataValue, 2.6, 1, 5.9E-13, 3.2486E-07, 1.5640000000000055E-07
DataValue, 2.65, 1, -3.3E-13, 3.3272E-07, 1.5759999999999964E-07
DataValue, 2.7, 1, 5.2E-13, 3.4062E-07, 1.5760000000000017E-07
DataValue, 2.75, 1, 1.5600000000000002E-12, 3.4848E-07, 1.5800000000000009E-07
DataValue, 2.8000000000000003, 1, 4.1E-13, 3.5642E-07, 1.5859999999999971E-07
DataValue, 2.85, 1, -7E-14, 3.6434E-07, 1.586000000000004E-07
DataValue, 2.9, 1, 4.4000000000000004E-13, 3.7228E-07, 1.5899999999999964E-07
DataValue, 2.95, 1, 1.37E-12, 3.8023999999999997E-07, 1.5919999999999986E-07
DataValue, 3, 1, 4.8000000000000008E-13, 3.882E-07, 1.6059999999999986E-07
DataValue, 3.0500000000000003, 1, -3.7000000000000004E-13, 3.9629999999999997E-07, 1.6139999999999971E-07
DataValue, 3.1, 1, 4.6000000000000006E-13, 4.0434E-07, 1.6100000000000103E-07
DataValue, 3.15, 1, 1.4200000000000002E-12, 4.124E-07, 1.6080000000000009E-07
DataValue, 3.2, 1, 5.7E-13, 4.2042E-07, 1.6119999999999949E-07
DataValue, 3.25, 1, 2.6E-13, 4.2852E-07, 1.6179999999999964E-07
DataValue, 3.3000000000000003, 1, -1.1000000000000001E-13, 4.366E-07, 1.6180000000000017E-07
DataValue, 3.35, 1, 1.1000000000000002E-12, 4.447E-07, 1.6200000000000058E-07
DataValue, 3.4, 1, 1.4300000000000002E-12, 4.528E-07, 1.6199999999999986E-07
DataValue, 3.45, 1, 2.3000000000000003E-13, 4.609E-07, 1.6299999999999994E-07
DataValue, 3.5, 1, -1.5000000000000002E-13, 4.691E-07, 1.6319999999999964E-07
DataValue, 3.5500000000000003, 1, 3.4E-13, 4.7722E-07, 1.6299999999999941E-07
DataValue, 3.6, 1, 1.3500000000000001E-12, 4.8539999999999994E-07, 1.640000000000002E-07
DataValue, 3.65, 1, 8.1000000000000008E-13, 4.9361999999999994E-07, 1.6500000000000059E-07
DataValue, 3.7, 1, -2.8E-13, 5.019E-07, 1.6439999999999991E-07
DataValue, 3.75, 1, 2.1000000000000001E-13, 5.1006E-07, 1.6319999999999964E-07
DataValue, 3.8000000000000003, 1, 1.09E-12, 5.1822E-07, 1.6580000000000044E-07
DataValue, 3.85, 1, 7.4000000000000008E-13, 5.2664E-07, 1.6480000000000005E-07
DataValue, 3.9, 1, -2.0000000000000003E-14, 5.3469999999999994E-07, 1.6439999999999991E-07
DataValue, 3.95, 1, 2.1000000000000001E-13, 5.4308E-07, 1.6640000000000006E-07
DataValue, 4, 1, 1.13E-12, 5.5134E-07, 1.6580000000000012E-07
DataValue, 4.05, 1, 6.7000000000000007E-13, 5.5966E-07, 1.6740000000000088E-07
DataValue, 4.1, 1, -3.7000000000000004E-13, 5.6808E-07, 1.6659999999999955E-07
DataValue, 4.15, 1, 3.7000000000000004E-13, 5.7632E-07, 1.6619999999999912E-07
DataValue, 4.2, 1, 8.300000000000001E-13, 5.847E-07, 1.6839999999999992E-07
DataValue, 4.25, 1, 6.7000000000000007E-13, 5.9315999999999995E-07, 1.6820000000000075E-07
DataValue, 4.3, 1, -3.1000000000000004E-13, 6.0152E-07, 1.6759999999999962E-07
DataValue, 4.3500000000000005, 1, 5E-14, 6.0992E-07, 1.6839999999999947E-07
DataValue, 4.4, 1, 1.2800000000000002E-12, 6.1836E-07, 1.690000000000006E-07
DataValue, 4.45, 1, 8.4000000000000006E-13, 6.2682E-07, 1.6839999999999992E-07
DataValue, 4.5, 1, -5E-13, 6.352E-07, 1.6860000000000015E-07
DataValue, 4.55, 1, 2.9000000000000003E-13, 6.4368E-07, 1.685999999999997E-07
DataValue, 4.6000000000000005, 1, 1.3900000000000001E-12, 6.5206E-07, 1.6939999999999955E-07
DataValue, 4.65, 1, 8.8000000000000009E-13, 6.6062E-07, 1.6980000000000045E-07
DataValue, 4.7, 1, -2.1000000000000001E-13, 6.6904E-07, 1.7040000000000007E-07
DataValue, 4.75, 1, 5.3000000000000006E-13, 6.7765999999999994E-07, 1.7140000000000015E-07
DataValue, 4.8, 1, 1.02E-12, 6.8618E-07, 1.6919999999999932E-07
DataValue, 4.8500000000000005, 1, 5.3000000000000006E-13, 6.9458E-07, 1.6999999999999917E-07
DataValue, 4.9, 1, -2.4000000000000004E-13, 7.0318E-07, 1.7260000000000045E-07
DataValue, 4.95, 1, 1.7E-13, 7.1184E-07, 1.7280000000000067E-07
DataValue, 5, 1, 1.09E-12, 7.2046E-07, 1.7360000000000052E-07
DataValue, 5.05, 1, 1.59E-12, 7.2919999999999994E-07, 1.7299999999999937E-07
DataValue, 5.1000000000000005, 1, 6.400000000000001E-13, 7.3776E-07, 1.7199999999999929E-07
DataValue, 5.15, 1, -2.7E-13, 7.464E-07, 1.7200000000000083E-07
DataValue, 5.2, 1, 3.8000000000000005E-13, 7.5496E-07, 1.7320000000000113E-07
DataValue, 5.25, 1, 1.09E-12, 7.6372E-07, 1.7399999999999992E-07
DataValue, 5.3, 1, 1.37E-12, 7.7236E-07, 1.7319999999999853E-07
DataValue, 5.3500000000000005, 1, -1.1000000000000001E-13, 7.8104E-07, 1.7339999999999982E-07
DataValue, 5.4, 1, 0, 7.897E-07, 1.7400000000000098E-07
DataValue, 5.45, 1, 7.8000000000000011E-13, 7.9844E-07, 1.7399999999999992E-07
DataValue, 5.5, 1, 1.41E-12, 8.071E-07, 1.734000000000003E-07
DataValue, 5.55, 1, 1.08E-12, 8.1578E-07, 1.7439999999999884E-07
DataValue, 5.6000000000000005, 1, 1.0000000000000002E-14, 8.2453999999999994E-07, 1.7659999999999919E-07
DataValue, 5.65, 1, -4.0000000000000006E-14, 8.3344E-07, 1.76800000000001E-07
DataValue, 5.7, 1, 1.0500000000000002E-12, 8.4222E-07, 1.7480000000000082E-07
DataValue, 5.75, 1, 1.3800000000000002E-12, 8.5092E-07, 1.7360000000000052E-07
DataValue, 5.8, 1, 5.2E-13, 8.5958E-07, 1.7579999999999936E-07
DataValue, 5.8500000000000005, 1, -2.9000000000000003E-13, 8.685E-07, 1.7779999999999949E-07
DataValue, 5.9, 1, 2.7E-13, 8.7736E-07, 1.7620000000000032E-07
DataValue, 5.95, 1, 1.37E-12, 8.8612E-07, 1.7579999999999987E-07
DataValue, 6, 1, 1.2000000000000001E-12, 8.9493999999999994E-07, 1.7640000000000055E-07
DataValue, 6.05, 1, 3.3E-13, 9.0376E-07, 1.7739999999999903E-07
DataValue, 6.1000000000000005, 1, -2.4000000000000004E-13, 9.1267999999999994E-07, 1.7539999999999891E-07
DataValue, 6.15, 1, -1.1000000000000001E-13, 9.213E-07, 1.7760000000000085E-07
DataValue, 6.2, 1, 9.2000000000000012E-13, 9.3044E-07, 1.79600000000001E-07
DataValue, 6.25, 1, 1.23E-12, 9.3926E-07, 1.7760000000000085E-07
DataValue, 6.3, 1, 1.8000000000000002E-13, 9.482E-07, 1.7899999999999979E-07
DataValue, 6.3500000000000005, 1, 3.0000000000000005E-14, 9.5716E-07, 1.7779999999999949E-07
DataValue, 6.4, 1, 4.2000000000000003E-13, 9.6598E-07, 1.7759999999999873E-07
DataValue, 6.45, 1, 1.1600000000000001E-12, 9.7491999999999989E-07, 1.7939999999999971E-07
DataValue, 6.5, 1, 7.5E-13, 9.8392E-07, 1.7980000000000229E-07
DataValue, 6.55, 1, -1.5000000000000002E-13, 9.929E-07, 1.7999999999999987E-07
DataValue, 6.6000000000000005, 1, 5E-13, 1.00192E-06, 1.803999999999982E-07
DataValue, 6.65, 1, 1.2500000000000001E-12, 1.01094E-06, 1.7839999999999964E-07
DataValue, 6.7, 1, 5.7E-13, 1.01976E-06, 1.7760000000000085E-07
DataValue, 6.75, 1, -9.0000000000000008E-14, 1.0287E-06, 1.8100000000000153E-07
DataValue, 6.8, 1, 6.6E-13, 1.03786E-06, 1.8239999999999833E-07
DataValue, 6.8500000000000005, 1, 1.4300000000000002E-12, 1.04694E-06, 1.8139999999999825E-07
DataValue, 6.9, 1, 5.6E-13, 1.056E-06, 1.79600000000001E-07
DataValue, 6.95, 1, -8.0000000000000013E-14, 1.0649E-06, 1.8180000000000032E-07
DataValue, 7, 1, 4.2000000000000003E-13, 1.07418E-06, 1.8280000000000042E-07
DataValue, 7.05, 1, 1.46E-12, 1.08318E-06, 1.8400000000000014E-07
DataValue, 7.1000000000000005, 1, 5.8000000000000005E-13, 1.09258E-06, 1.8319999999999923E-07
DataValue, 7.15, 1, -4.7E-13, 1.1015E-06, 1.8020000000000062E-07
DataValue, 7.2, 1, 4.2000000000000003E-13, 1.1106E-06, 1.8440000000000012E-07
DataValue, 7.25, 1, 1.46E-12, 1.11994E-06, 1.8239999999999994E-07
DataValue, 7.3, 1, 6.1E-13, 1.12884E-06, 1.8040000000000032E-07
DataValue, 7.3500000000000005, 1, -5.4E-13, 1.13798E-06, 1.8219999999999916E-07
DataValue, 7.4, 1, 5.3000000000000006E-13, 1.14706E-06, 1.7320000000000219E-07
DataValue, 7.45, 1, 1.5E-12, 1.1553000000000002E-06, 1.7440000000000143E-07
DataValue, 7.5, 1, 1.31E-12, 1.1645E-06, 1.8499999999999974E-07
DataValue, 7.55, 1, 8.8000000000000009E-13, 1.1738E-06, 1.8400000000000014E-07
DataValue, 7.6000000000000005, 1, -4.2000000000000003E-13, 1.1829000000000001E-06, 1.8099999999999994E-07
DataValue, 7.65, 1, -2.3000000000000003E-13, 1.1919000000000002E-06, 1.8000000000000145E-07
DataValue, 7.7, 1, 1.07E-12, 1.2009000000000002E-06, 1.8399999999999966E-07
DataValue, 7.75, 1, 1.46E-12, 1.2103E-06, 1.8599999999999981E-07
DataValue, 7.8, 1, 2.8E-13, 1.2195000000000001E-06, 1.8500000000000021E-07
DataValue, 7.8500000000000005, 1, -2.3000000000000003E-13, 1.2288000000000002E-06, 1.8399999999999802E-07
DataValue, 7.9, 1, 2E-13, 1.2379E-06, 1.8699999999999989E-07
DataValue, 7.95, 1, 8.4000000000000006E-13, 1.2475000000000001E-06, 1.87000000000002E-07
DataValue, 8, 1, 1.5700000000000002E-12, 1.2566000000000002E-06, 1.8399999999999802E-07
DataValue, 8.05, 1, 1.09E-12, 1.2659E-06, 1.8900000000000004E-07
DataValue, 8.1, 1, 3.7000000000000004E-13, 1.2755000000000001E-06, 1.8600000000000193E-07
DataValue, 8.15, 1, -3.4E-13, 1.2845000000000002E-06, 1.8400000000000178E-07
DataValue, 8.2, 1, 4.0000000000000006E-14, 1.2939000000000002E-06, 1.8699999999999989E-07
DataValue, 8.25, 1, 1.21E-12, 1.3032E-06, 1.8499999999999646E-07
DataValue, 8.3, 1, 1.4400000000000001E-12, 1.3124000000000001E-06, 1.8500000000000186E-07
DataValue, 8.35, 1, 5.7E-13, 1.3217000000000002E-06, 1.8699999999999989E-07
DataValue, 8.4, 1, -1.2000000000000002E-13, 1.3311E-06, 1.9200000000000029E-07
DataValue, 8.45, 1, 4.0000000000000006E-14, 1.3409000000000002E-06, 1.780000000000013E-07
DataValue, 8.5, 1, 7.6000000000000009E-13, 1.3489000000000001E-06, 1.789999999999982E-07
DataValue, 8.55, 1, 1.4E-12, 1.3588000000000002E-06, 1.9300000000000037E-07
DataValue, 8.6, 1, 7.3E-13, 1.3682E-06, 1.9100000000000022E-07
DataValue, 8.65, 1, 2.2000000000000002E-13, 1.3779000000000002E-06, 1.8899999999999882E-07
DataValue, 8.7000000000000011, 1, -3.6000000000000003E-13, 1.3871000000000002E-06, 1.9200000000000029E-07
DataValue, 8.75, 1, 1.3E-13, 1.3971000000000001E-06, 1.9700000000000067E-07
DataValue, 8.8, 1, 1.02E-12, 1.4068000000000002E-06, 1.9200000000000029E-07
DataValue, 8.85, 1, 1.32E-12, 1.4163E-06, 1.8599999999999981E-07
DataValue, 8.9, 1, 9.0000000000000008E-14, 1.4254000000000002E-06, 1.8199999999999837E-07
DataValue, 8.9500000000000011, 1, -2.4000000000000004E-13, 1.4345000000000002E-06, 1.8399999999999966E-07
DataValue, 9, 1, -1.7E-13, 1.4438E-06, 2.0000000000000092E-07
DataValue, 9.05, 1, 5.1E-13, 1.4545000000000002E-06, 1.9200000000000241E-07
DataValue, 9.1, 1, 1.1000000000000002E-12, 1.4630000000000002E-06, 1.8799999999999996E-07
DataValue, 9.15, 1, 1.37E-12, 1.4733000000000002E-06, 1.9599999999999712E-07
DataValue, 9.2000000000000011, 1, 3.7000000000000004E-13, 1.4826000000000002E-06, 1.9300000000000037E-07
DataValue, 9.25, 1, -5.7E-13, 1.4926000000000001E-06, 1.8699999999999989E-07
DataValue, 9.3, 1, 5E-14, 1.5013000000000001E-06, 1.820000000000016E-07
DataValue, 9.35, 1, 8.300000000000001E-13, 1.5108000000000002E-06, 1.8799999999999996E-07
DataValue, 9.4, 1, 1.5200000000000002E-12, 1.5201E-06, 1.8799999999999663E-07
DataValue, 9.4500000000000011, 1, 9.000000000000001E-13, 1.5296000000000001E-06, 1.8900000000000216E-07
DataValue, 9.5, 1, 8.0000000000000013E-14, 1.5390000000000002E-06, 1.8900000000000004E-07
DataValue, 9.55, 1, -2.9000000000000003E-13, 1.5485E-06, 1.9000000000000014E-07
DataValue, 9.6, 1, 4.9E-13, 1.5580000000000002E-06, 1.9000000000000226E-07
DataValue, 9.65, 1, 9.6000000000000015E-13, 1.5675000000000002E-06, 1.909999999999968E-07
DataValue, 9.7000000000000011, 1, 1.2900000000000002E-12, 1.5771000000000001E-06, 1.9000000000000014E-07
DataValue, 9.75, 1, 5.1E-13, 1.5865000000000002E-06, 1.9500000000000052E-07
DataValue, 9.8, 1, 2.0000000000000003E-14, 1.5966E-06, 1.9500000000000052E-07
DataValue, 9.85, 1, -1.5000000000000002E-13, 1.6060000000000002E-06, 1.8800000000000208E-07
DataValue, 9.9, 1, 7.2000000000000006E-13, 1.6154000000000002E-06, 1.9299999999999692E-07
DataValue, 9.9500000000000011, 1, 8.8000000000000009E-13, 1.6253000000000001E-06, 1.8900000000000004E-07
DataValue, 10, 1, 1E-12, 1.6343000000000002E-06, 1.8000000000000466E-07
DataValue, -5, 3, 6.5000000000000006E-13, 8.8E-15, -3.4600000000000123E-12
DataValue, -4.95, 3, 7E-13, -1.642E-13, -2.0160000000000072E-12
DataValue, -4.9, 3, -5.3000000000000006E-13, -1.928E-13, 4.2800000000000156E-13
DataValue, -4.8500000000000005, 3, 2.3000000000000003E-13, -1.214E-13, 7.0599999999999618E-13
DataValue, -4.8, 3, 7.3E-13, -1.222E-13, -4.5399999999999771E-13
DataValue, -4.75, 3, 1.13E-12, -1.668E-13, -1.0240000000000037E-12
DataValue, -4.7, 3, 2.0000000000000003E-14, -2.246E-13, 3.3400000000000135E-13
DataValue, -4.65, 3, -2.2000000000000002E-13, -1.334E-13, 7.5200000000000265E-13
DataValue, -4.6000000000000005, 3, 1.21E-12, -1.494E-13, -1.3339999999999929E-12
DataValue, -4.55, 3, 1.6000000000000003E-13, -2.668E-13, -9.65999999999995E-13
DataValue, -4.5, 3, -4.2000000000000003E-13, -2.46E-13, 7.0200000000000246E-13
DataValue, -4.45, 3, -3.4E-13, -1.966E-13, -1.0600000000000013E-13
DataValue, -4.4, 3, -2.9000000000000003E-13, -2.566E-13, -9.7000000000000334E-13
DataValue, -4.3500000000000005, 3, 5E-14, -2.936E-13, -1.7199999999999927E-13
DataValue, -4.3, 3, -6.7000000000000007E-13, -2.738E-13, 1.8599999999999893E-13
DataValue, -4.25, 3, -2.8E-13, -2.75E-13, -4.9000000000000165E-13
DataValue, -4.2, 3, 3.3E-13, -3.228E-13, -1.5200000000000079E-13
DataValue, -4.15, 3, -6.0000000000000009E-14, -2.902E-13, 5.7999999999999692E-13
DataValue, -4.1, 3, -2.8E-13, -2.648E-13, 3.159999999999987E-13
DataValue, -4.05, 3, -1.6000000000000003E-13, -2.586E-13, -5.04000000000002E-13
DataValue, -4, 3, 1.3E-13, -3.152E-13, -2.4400000000000113E-13
DataValue, -3.95, 3, -3.7000000000000004E-13, -2.83E-13, 1.0959999999999992E-12
DataValue, -3.9, 3, 4.0000000000000006E-14, -2.056E-13, -2.3799999999999989E-13
DataValue, -3.85, 3, -1E-13, -3.068E-13, -1.3720000000000051E-12
DataValue, -3.8000000000000003, 3, -1.7E-13, -3.428E-13, 3.4799999999999983E-13
DataValue, -3.75, 3, -6.8E-13, -2.72E-13, 1.0439999999999994E-12
DataValue, -3.7, 3, -9.0000000000000008E-14, -2.3839999999999997E-13, -6.9599999999999915E-13
DataValue, -3.65, 3, 3.1000000000000004E-13, -3.416E-13, -5.1199999999999974E-13
DataValue, -3.6, 3, -5E-13, -2.896E-13, 1.0880000000000039E-12
DataValue, -3.5500000000000003, 3, -4.2000000000000003E-13, -2.328E-13, -3.6799999999999974E-13
DataValue, -3.5, 3, 2.0000000000000003E-14, -3.264E-13, -1.1939999999999992E-12
DataValue, -3.45, 3, 5E-14, -3.522E-13, -2.5999999999999965E-13
DataValue, -3.4, 3, -3.0000000000000005E-14, -3.524E-13, 6.6799999999999968E-13
DataValue, -3.35, 3, -2.0000000000000003E-14, -2.854E-13, -1.2600000000000062E-13
DataValue, -3.3000000000000003, 3, 2.5E-13, -3.65E-13, -4.1599999999999959E-13
DataValue, -3.25, 3, -8.0000000000000013E-14, -3.2699999999999997E-13, 7.6599999999999926E-13
DataValue, -3.2, 3, -2.1000000000000001E-13, -2.884E-13, 7.1999999999999936E-13
DataValue, -3.15, 3, 9.3E-13, -2.5499999999999997E-13, -4.8999999999999953E-13
DataValue, -3.1, 3, 1.18E-12, -3.374E-13, -3.2600000000000149E-13
DataValue, -3.0500000000000003, 3, -1E-13, -2.876E-13, 9.7199999999999949E-13
DataValue, -3, 3, -3.0000000000000005E-14, -2.402E-13, -6.9599999999999915E-13
DataValue, -2.95, 3, 8.2E-13, -3.572E-13, -8.3999999999999925E-13
DataValue, -2.9, 3, -1.5000000000000002E-13, -3.2419999999999997E-13, 9.9999999999999479E-15
DataValue, -2.85, 3, 1E-13, -3.562E-13, -6.1000000000000255E-13
DataValue, -2.8000000000000003, 3, 3.5E-13, -3.852E-13, 1.1199999999999983E-13
DataValue, -2.75, 3, -2.1000000000000001E-13, -3.45E-13, 7.0799999999999951E-13
DataValue, -2.7, 3, -3.4E-13, -3.144E-13, -2.719999999999995E-13
DataValue, -2.65, 3, 1.5000000000000002E-13, -3.7219999999999997E-13, -9.7599999999999927E-13
DataValue, -2.6, 3, -2E-13, -4.12E-13, 6.12000000000002E-13
DataValue, -2.5500000000000003, 3, -4.5000000000000005E-13, -3.11E-13, 1.0399999999999992E-12
DataValue, -2.5, 3, -1.4E-13, -3.08E-13, -5.0999999999999944E-13
DataValue, -2.45, 3, -6.0000000000000009E-14, -3.6199999999999997E-13, -7.7599999999999922E-13
DataValue, -2.4, 3, -3.3E-13, -3.856E-13, 1.8999999999999952E-13
DataValue, -2.35, 3, 2.0000000000000003E-14, -3.43E-13, -1.440000000000007E-13
DataValue, -2.3000000000000003, 3, -1.1000000000000001E-13, -4E-13, -4.9399999999999931E-13
DataValue, -2.25, 3, 2.0000000000000003E-14, -3.9239999999999997E-13, 7.2399999999999964E-13
DataValue, -2.2, 3, -3.1000000000000004E-13, -3.276E-13, 9.4999999999999918E-13
DataValue, -2.15, 3, -9.0000000000000008E-14, -2.9739999999999997E-13, -5.5399999999999946E-13
DataValue, -2.1, 3, 2.6E-13, -3.83E-13, -9.4000000000000319E-14
DataValue, -2.05, 3, 1.3E-13, -3.068E-13, 7.1999999999999936E-13
DataValue, -2, 3, 1.1500000000000002E-12, -3.11E-13, -8.50000000000001E-13
DataValue, -1.95, 3, 3.5E-13, -3.918E-13, -1.5400000000000035E-13
DataValue, -1.9000000000000001, 3, -6.1E-13, -3.264E-13, -3.1000000000000009E-13
DataValue, -1.85, 3, 5.9E-13, -4.228E-13, -2.0399999999999976E-13
DataValue, -1.8, 3, 5.1E-13, -3.468E-13, 8.9599999999999911E-13
DataValue, -1.75, 3, -2.3000000000000003E-13, -3.332E-13, 3.4199999999999965E-13
DataValue, -1.7, 3, -8.0000000000000013E-14, -3.126E-13, -2.6600000000000043E-13
DataValue, -1.6500000000000001, 3, 1.3E-13, -3.598E-13, -5.2600000000000069E-13
DataValue, -1.6, 3, 1.8000000000000002E-13, -3.652E-13, 2.3999999999999979E-13
DataValue, -1.55, 3, -2.3000000000000003E-13, -3.358E-13, 1.1600000000000011E-13
DataValue, -1.5, 3, -2.4000000000000004E-13, -3.536E-13, -4.6599999999999983E-13
DataValue, -1.45, 3, 5.8000000000000005E-13, -3.824E-13, -7.6000000000000484E-14
DataValue, -1.4000000000000001, 3, -2E-13, -3.612E-13, 1.0540000000000018E-12
DataValue, -1.35, 3, -4.2000000000000003E-13, -2.77E-13, -3.0999999999999944E-13
DataValue, -1.3, 3, -2.2000000000000002E-13, -3.922E-13, -9.7599999999999927E-13
DataValue, -1.25, 3, 4.4000000000000004E-13, -3.746E-13, 2.4999999999999974E-13
DataValue, -1.2, 3, -2.4000000000000004E-13, -3.672E-13, 9.1000000000000137E-13
DataValue, -1.1500000000000001, 3, -2.6E-13, -2.8359999999999997E-13, 2.800000000000002E-14
DataValue, -1.1, 3, 5E-13, -3.644E-13, -1.3559999999999989E-12
DataValue, -1.05, 3, 2.4000000000000004E-13, -4.1919999999999997E-13, -4.4000000000000078E-14
DataValue, -1, 3, 2.9000000000000003E-13, -3.688E-13, 7.9799999999999993E-13
DataValue, -0.95000000000000007, 3, -9.0000000000000008E-14, -3.394E-13, -1.5799999999999996E-13
DataValue, -0.9, 3, 4.4000000000000004E-13, -3.846E-13, 3.0399999999999976E-13
DataValue, -0.85, 3, -3.8000000000000005E-13, -3.09E-13, 5.9399999999999989E-13
DataValue, -0.8, 3, 1.3000000000000001E-12, -3.252E-13, -2.8999999999999982E-13
DataValue, -0.75, 3, 8E-13, -3.3799999999999997E-13, -2.3599999999999975E-13
DataValue, -0.70000000000000007, 3, 1.0500000000000002E-12, -3.488E-13, 4.26E-13
DataValue, -0.65, 3, -8.0000000000000013E-14, -2.954E-13, -3.2599999999999952E-13
DataValue, -0.6, 3, 2.9000000000000003E-13, -3.8139999999999997E-13, -1.7000000000000031E-13
DataValue, -0.55, 3, 8.0000000000000013E-14, -3.124E-13, 6.2060000000000016E-12
DataValue, -0.5, 3, -1.7E-13, 2.392E-13, 2.2203999999999994E-11
DataValue, -0.45, 3, 2.9000000000000003E-13, 1.908E-12, 7.3826000000000035E-11
DataValue, -0.4, 3, 2.8E-13, 7.6218E-12, 2.5785400000000003E-10
DataValue, -0.35000000000000003, 3, 6.400000000000001E-13, 2.7693399999999998E-11, 8.2521799999999964E-10
DataValue, -0.3, 3, 9.3E-13, 9.01436E-11, 2.3299659999999995E-09
DataValue, -0.25, 3, 6.2000000000000008E-13, 2.6069E-10, 5.4638640000000023E-09
DataValue, -0.2, 3, 4.7E-13, 6.3653000000000008E-10, 1.02181E-08
DataValue, -0.15, 3, -1.07E-12, 1.2825E-09, 1.5652699999999998E-08
DataValue, -0.1, 3, -2.2000000000000002E-13, 2.2018E-09, 2.0926E-08
DataValue, -0.05, 3, -1.6000000000000003E-13, 3.3751E-09, 2.5975E-08
DataValue, 0, 3, 5E-14, 4.7993E-09, 3.0961999999999996E-08
DataValue, 0.05, 3, 5.6E-13, 6.4713E-09, 3.6011999999999992E-08
DataValue, 0.1, 3, 1.2900000000000002E-12, 8.4005E-09, 4.1160000000000006E-08
DataValue, 0.15, 3, 1.17E-12, 1.05873E-08, 4.6770999999999983E-08
DataValue, 0.2, 3, -3.9000000000000005E-13, 1.3077599999999998E-08, 5.207099999999997E-08
DataValue, 0.25, 3, 5.5000000000000008E-13, 1.5794399999999997E-08, 5.716000000000001E-08
DataValue, 0.3, 3, 7.5E-13, 1.8793599999999998E-08, 6.2689999999999988E-08
DataValue, 0.35000000000000003, 3, 4.8000000000000008E-13, 2.20634E-08, 6.8175999999999975E-08
DataValue, 0.4, 3, 5.3000000000000006E-13, 2.5611199999999998E-08, 7.37E-08
DataValue, 0.45, 3, 6.8E-13, 2.9433399999999998E-08, 7.9252000000000027E-08
DataValue, 0.5, 3, 3.4E-13, 3.35364E-08, 8.486799999999995E-08
DataValue, 0.55, 3, 3.3E-13, 3.7920199999999996E-08, 9.0542000000000031E-08
DataValue, 0.6, 3, 2.3000000000000003E-13, 4.25906E-08, 9.6300000000000035E-08
DataValue, 0.65, 3, 2E-13, 4.7550199999999997E-08, 1.0216199999999985E-07
DataValue, 0.70000000000000007, 3, 7E-14, 5.2806799999999993E-08, 1.0872600000000002E-07
DataValue, 0.75, 3, 2.0000000000000003E-14, 5.8422799999999996E-08, 1.14458E-07
DataValue, 0.8, 3, -1.1000000000000001E-13, 6.4252599999999991E-08, 1.1942599999999997E-07
DataValue, 0.85, 3, 5E-13, 7.036539999999999E-08, 1.2533400000000008E-07
DataValue, 0.9, 3, -4.4000000000000004E-13, 7.6786E-08, 1.3130799999999992E-07
DataValue, 0.95000000000000007, 3, -3.4E-13, 8.3496199999999993E-08, 1.3731999999999996E-07
DataValue, 1, 3, -3.0000000000000005E-14, 9.051799999999999E-08, 1.43146E-07
DataValue, 1.05, 3, -1.7E-13, 9.7810799999999991E-08, 1.4902799999999987E-07
DataValue, 1.1, 3, -2.7E-13, 1.0542079999999999E-07, 1.553359999999999E-07
DataValue, 1.1500000000000001, 3, -1.7E-13, 1.133444E-07, 1.6159200000000038E-07
DataValue, 1.2, 3, -2.3000000000000003E-13, 1.2158E-07, 1.6755600000000034E-07
DataValue, 1.25, 3, 4.2000000000000003E-13, 1.301E-07, 1.7339999999999979E-07
DataValue, 1.3, 3, 1.3800000000000002E-12, 1.3892E-07, 1.8139999999999986E-07
DataValue, 1.35, 3, 9.7000000000000011E-13, 1.4824E-07, 1.8739999999999979E-07
DataValue, 1.4000000000000001, 3, 2E-13, 1.5766E-07, 1.9160000000000021E-07
DataValue, 1.45, 3, -5.1E-13, 1.674E-07, 1.9780000000000036E-07
DataValue, 1.5, 3, 5.1E-13, 1.7744E-07, 2.0439999999999971E-07
DataValue, 1.55, 3, 1.02E-12, 1.8784E-07, 2.1019999999999967E-07
DataValue, 1.6, 3, 6.7000000000000007E-13, 1.9846E-07, 2.159999999999999E-07
DataValue, 1.6500000000000001, 3, 2.9000000000000003E-13, 2.0944E-07, 2.2260000000000045E-07
DataValue, 1.7, 3, -4.1E-13, 2.2072E-07, 2.2900000000000032E-07
DataValue, 1.75, 3, 7.2000000000000006E-13, 2.3234E-07, 2.3519999999999941E-07
DataValue, 1.8, 3, 1.1600000000000001E-12, 2.4423999999999997E-07, 2.4179999999999948E-07
DataValue, 1.85, 3, 8.1000000000000008E-13, 2.5651999999999997E-07, 2.5020000000000027E-07
DataValue, 1.9000000000000001, 3, -1.1000000000000001E-13, 2.6926E-07, 2.558000000000008E-07
DataValue, 1.95, 3, -2.6E-13, 2.821E-07, 2.6000000000000032E-07
DataValue, 2, 3, 6.1E-13, 2.9526E-07, 2.6640000000000016E-07
DataValue, 2.05, 3, 1.12E-12, 3.0874E-07, 2.7279999999999937E-07
DataValue, 2.1, 3, 6.400000000000001E-13, 3.2254E-07, 2.7899999999999952E-07
DataValue, 2.15, 3, -1.7E-13, 3.3664E-07, 2.8499999999999997E-07
DataValue, 2.2, 3, -3.4E-13, 3.5104E-07, 2.9120000000000012E-07
DataValue, 2.25, 3, 8.300000000000001E-13, 3.6576E-07, 2.9699999999999981E-07
DataValue, 2.3000000000000003, 3, 1.4300000000000002E-12, 3.8074E-07, 3.0319999999999943E-07
DataValue, 2.35, 3, 1.02E-12, 3.9608E-07, 3.1060000000000073E-07
DataValue, 2.4, 3, -1.5000000000000002E-13, 4.1179999999999997E-07, 3.193999999999998E-07
DataValue, 2.45, 3, -2.1000000000000001E-13, 4.2802E-07, 3.2539999999999972E-07
DataValue, 2.5, 3, 7.3E-13, 4.4433999999999997E-07, 3.2919999999999974E-07
DataValue, 2.5500000000000003, 3, 1.1500000000000002E-12, 4.6094E-07, 3.3499999999999944E-07
DataValue, 2.6, 3, 7E-13, 4.7783999999999994E-07, 3.4140000000000135E-07
DataValue, 2.65, 3, 7E-14, 4.9508E-07, 3.4800000000000042E-07
DataValue, 2.7, 3, -1E-13, 5.1264E-07, 3.54199999999999E-07
DataValue, 2.75, 3, 1.18E-12, 5.3049999999999994E-07, 3.5959999999999981E-07
DataValue, 2.8000000000000003, 3, 1.5600000000000002E-12, 5.486E-07, 3.6619999999999988E-07
DataValue, 2.85, 3, 7.9000000000000007E-13, 5.6712E-07, 3.7260000000000136E-07
DataValue, 2.9, 3, 9.0000000000000008E-14, 5.8586E-07, 3.7780000000000033E-07
DataValue, 2.95, 3, -2.9000000000000003E-13, 6.049E-07, 3.8419999999999911E-07
DataValue, 3, 3, 9.5E-13, 6.2428E-07, 3.9359999999999913E-07
DataValue, 3.0500000000000003, 3, 1.27E-12, 6.4426E-07, 3.9920000000000019E-07
DataValue, 3.1, 3, 4E-13, 6.642E-07, 4.0180000000000176E-07
DataValue, 3.15, 3, -6.400000000000001E-13, 6.8444E-07, 4.0819999999999875E-07
DataValue, 3.2, 3, 1.5000000000000002E-13, 7.0501999999999994E-07, 4.1479999999999988E-07
DataValue, 3.25, 3, 1.2900000000000002E-12, 7.2592E-07, 4.2019999999999965E-07
DataValue, 3.3000000000000003, 3, 1.37E-12, 7.4703999999999994E-07, 4.2519999999999896E-07
DataValue, 3.35, 3, 5.4E-13, 7.6844E-07, 4.302000000000023E-07
DataValue, 3.4, 3, -4.9E-13, 7.9006E-07, 4.3599999999999956E-07
DataValue, 3.45, 3, 7E-14, 8.1204E-07, 4.4099999999999888E-07
DataValue, 3.5, 3, 8.9E-13, 8.3415999999999995E-07, 4.4439999999999956E-07
DataValue, 3.5500000000000003, 3, 1.3000000000000001E-12, 8.5648E-07, 4.4739999999999973E-07
DataValue, 3.6, 3, 1.7E-13, 8.789E-07, 4.5040000000000197E-07
DataValue, 3.65, 3, -3.4E-13, 9.0152E-07, 4.5319999999999996E-07
DataValue, 3.7, 3, 5.1E-13, 9.2422E-07, 4.5599999999999995E-07
DataValue, 3.75, 3, 1.1900000000000002E-12, 9.4712E-07, 4.5920000000000041E-07
DataValue, 3.8000000000000003, 3, 1.0100000000000001E-12, 9.7014E-07, 4.6179999999999806E-07
DataValue, 3.85, 3, -1.9000000000000002E-13, 9.9329999999999987E-07, 4.6419999999999967E-07
DataValue, 3.9, 3, -2.9000000000000003E-13, 1.0165599999999999E-06, 4.6500000000000063E-07
DataValue, 3.95, 3, 3.4E-13, 1.0398E-06, 4.6500000000000063E-07
DataValue, 4, 3, 1.03E-12, 1.06306E-06, 4.6620000000000194E-07
DataValue, 4.05, 3, 9.9E-13, 1.08642E-06, 4.6780000000000163E-07
DataValue, 4.1, 3, 8.0000000000000013E-14, 1.10984E-06, 4.6979999999999766E-07
DataValue, 4.15, 3, -2.5E-13, 1.1334E-06, 4.6159999999999794E-07
DataValue, 4.2, 3, 7.6000000000000009E-13, 1.156E-06, 4.6300000000000254E-07
DataValue, 4.25, 3, 5.5000000000000008E-13, 1.1797000000000001E-06, 4.7400000000000342E-07
DataValue, 4.3, 3, 1.0500000000000002E-12, 1.2034000000000002E-06, 4.72999999999997E-07
DataValue, 4.3500000000000005, 3, 1.4900000000000001E-12, 1.227E-06, 4.7399999999999707E-07
DataValue, 4.4, 3, 9.3E-13, 1.2508000000000002E-06, 4.8000000000000176E-07
DataValue, 4.45, 3, 1.8000000000000002E-13, 1.275E-06, 4.8400000000000206E-07
DataValue, 4.5, 3, -1E-13, 1.2992000000000002E-06, 4.7900000000000168E-07
DataValue, 4.55, 3, 1.7E-13, 1.3229E-06, 4.769999999999973E-07
DataValue, 4.6000000000000005, 3, 7.4000000000000008E-13, 1.3469000000000002E-06, 4.8299999999999775E-07
DataValue, 4.65, 3, 1.18E-12, 1.3712E-06, 4.8500000000000213E-07
DataValue, 4.7, 3, 3.2000000000000005E-13, 1.3954000000000002E-06, 4.8400000000000206E-07
DataValue, 4.75, 3, -1.6000000000000003E-13, 1.4196000000000001E-06, 4.85E-07
DataValue, 4.8, 3, -1E-13, 1.4439E-06, 4.8699999999999794E-07
DataValue, 4.8500000000000005, 3, 7.5E-13, 1.4683000000000002E-06, 4.8699999999999794E-07
DataValue, 4.9, 3, 1.22E-12, 1.4926000000000001E-06, 4.8700000000000228E-07
DataValue, 4.95, 3, 1.4300000000000002E-12, 1.5170000000000003E-06, 4.8900000000000243E-07
DataValue, 5, 3, 4.8000000000000008E-13, 1.5415000000000002E-06, 4.940000000000008E-07
DataValue, 5.05, 3, -1.6000000000000003E-13, 1.5664000000000002E-06, 4.959999999999965E-07
DataValue, 5.1000000000000005, 3, 2.4000000000000004E-13, 1.5911000000000001E-06, 4.9299999999999839E-07
DataValue, 5.15, 3, 9.1000000000000016E-13, 1.6157000000000003E-06, 4.9300000000000284E-07
DataValue, 5.2, 3, 1.4400000000000001E-12, 1.6404000000000002E-06, 4.97000000000001E-07
DataValue, 5.25, 3, 8.6000000000000007E-13, 1.6654000000000002E-06, 5.0000000000000125E-07
DataValue, 5.3, 3, 5E-14, 1.6904000000000002E-06, 4.9499999999999643E-07
DataValue, 5.3500000000000005, 3, 1.0000000000000002E-14, 1.7149E-06, 4.9599999999999862E-07
DataValue, 5.4, 3, 5.9E-13, 1.7400000000000003E-06, 5.0100000000000344E-07
DataValue, 5.45, 3, 9.3E-13, 1.7650000000000003E-06, 5.0000000000000125E-07
DataValue, 5.5, 3, 1.08E-12, 1.7900000000000002E-06, 5.020000000000014E-07
DataValue, 5.55, 3, 8.1000000000000008E-13, 1.8152000000000002E-06, 5.01999999999997E-07
DataValue, 5.6000000000000005, 3, -1.8000000000000002E-13, 1.8402000000000002E-06, 5.0499999999999718E-07
DataValue, 5.65, 3, 7E-14, 1.8657000000000002E-06, 5.0500000000000162E-07
DataValue, 5.7, 3, 7.7000000000000005E-13, 1.8907000000000002E-06, 5.0400000000000155E-07
DataValue, 5.75, 3, 1.37E-12, 1.9161E-06, 5.0700000000000177E-07
DataValue, 5.8, 3, 1.04E-12, 1.9414E-06, 5.039999999999971E-07
DataValue, 5.8500000000000005, 3, 4.1E-13, 1.9665E-06, 5.0699999999999934E-07
DataValue, 5.9, 3, -2.1000000000000001E-13, 1.9921000000000004E-06, 5.1200000000000215E-07
DataValue, 5.95, 3, 2.8E-13, 2.0177E-06, 5.10000000000002E-07
DataValue, 6, 3, 9.000000000000001E-13, 2.0431000000000004E-06, 5.10000000000002E-07
DataValue, 6.05, 3, 1.7200000000000001E-12, 2.0687E-06, 5.1299999999999555E-07
DataValue, 6.1000000000000005, 3, 3.8000000000000005E-13, 2.0944000000000002E-06, 5.1299999999999555E-07
DataValue, 6.15, 3, -1.2000000000000002E-13, 2.12E-06, 5.11E-07
DataValue, 6.2, 3, 1.0000000000000002E-14, 2.1455E-06, 5.140000000000023E-07
DataValue, 6.25, 3, 8.4000000000000006E-13, 2.1714E-06, 5.180000000000026E-07
DataValue, 6.3, 3, 1.3000000000000001E-12, 2.1973E-06, 5.1399999999999775E-07
DataValue, 6.3500000000000005, 3, 1.5300000000000001E-12, 2.2228E-06, 5.0999999999999745E-07
DataValue, 6.4, 3, 1.7E-13, 2.2483E-06, 5.1600000000000245E-07
DataValue, 6.45, 3, -5E-14, 2.2744E-06, 5.180000000000026E-07
DataValue, 6.5, 3, 4.3000000000000004E-13, 2.3001000000000002E-06, 5.1900000000000056E-07
DataValue, 6.55, 3, 1.03E-12, 2.3263E-06, 5.2099999999999616E-07
DataValue, 6.6000000000000005, 3, 1.4900000000000001E-12, 2.3522E-06, 5.199999999999982E-07
DataValue, 6.65, 3, 9.6000000000000015E-13, 2.3783E-06, 5.2100000000000494E-07
DataValue, 6.7, 3, 2E-13, 2.4043000000000004E-06, 5.2400000000000316E-07
DataValue, 6.75, 3, -3.8000000000000005E-13, 2.4307000000000003E-06, 5.2700000000000126E-07
DataValue, 6.8, 3, 5.9E-13, 2.4570000000000004E-06, 5.2299999999999631E-07
DataValue, 6.8500000000000005, 3, 1.21E-12, 2.483E-06, 5.2099999999999616E-07
DataValue, 6.9, 3, 1.22E-12, 2.5091000000000003E-06, 5.23000000000001E-07
DataValue, 6.95, 3, 3.9000000000000005E-13, 2.5353E-06, 5.2600000000000331E-07
DataValue, 7, 3, -1.9000000000000002E-13, 2.5617000000000004E-06, 5.2900000000000141E-07
DataValue, 7.05, 3, 1.5000000000000002E-13, 2.5882E-06, 5.32999999999997E-07
DataValue, 7.1000000000000005, 3, 9.9E-13, 2.6150000000000004E-06, 5.31000000000001E-07
DataValue, 7.15, 3, 1.45E-12, 2.6413000000000004E-06, 5.2799999999999922E-07
DataValue, 7.2, 3, 6.3E-13, 2.6678E-06, 5.3100000000000157E-07
DataValue, 7.25, 3, -8.0000000000000013E-14, 2.6944000000000004E-06, 5.2900000000000565E-07
DataValue, 7.3, 3, -8.0000000000000013E-14, 2.7207000000000005E-06, 5.3399999999999491E-07
DataValue, 7.3500000000000005, 3, 8.7E-13, 2.7478E-06, 5.3599999999999506E-07
DataValue, 7.4, 3, 1.0500000000000002E-12, 2.7743000000000003E-06, 5.2900000000000141E-07
DataValue, 7.45, 3, 1.2400000000000002E-12, 2.8007E-06, 5.3000000000000361E-07
DataValue, 7.5, 3, 5.9E-13, 2.8273000000000004E-06, 5.3600000000000406E-07
DataValue, 7.55, 3, -1.5000000000000002E-13, 2.8543000000000004E-06, 5.3399999999999491E-07
DataValue, 7.6000000000000005, 3, 0, 2.8807000000000002E-06, 5.3399999999999491E-07
DataValue, 7.65, 3, 6.3E-13, 2.9077E-06, 5.4100000000000232E-07
DataValue, 7.7, 3, 1.21E-12, 2.9348000000000003E-06, 5.3300000000000172E-07
DataValue, 7.75, 3, 1.04E-12, 2.961E-06, 5.3300000000000172E-07
DataValue, 7.8, 3, -5E-14, 2.9881000000000002E-06, 5.4199999999999974E-07
DataValue, 7.8500000000000005, 3, -1.9000000000000002E-13, 3.0152000000000004E-06, 5.389999999999974E-07
DataValue, 7.9, 3, 1.6000000000000003E-13, 3.0420000000000003E-06, 5.38E-07
DataValue, 7.95, 3, 8.300000000000001E-13, 3.069E-06, 5.4000000000000436E-07
DataValue, 8, 3, 9.8E-13, 3.0960000000000005E-06, 5.389999999999974E-07
DataValue, 8.05, 3, 2.3000000000000003E-13, 3.1229E-06, 5.4099999999999808E-07
DataValue, 8.1, 3, -3.8000000000000005E-13, 3.1501E-06, 5.4100000000000232E-07
DataValue, 8.15, 3, -7E-14, 3.1770000000000002E-06, 5.5000000000000511E-07
DataValue, 8.2, 3, 8.300000000000001E-13, 3.2051000000000005E-06, 5.5100000000000307E-07
DataValue, 8.25, 3, 1.08E-12, 3.2321000000000004E-06, 5.3899999999999264E-07
DataValue, 8.3, 3, 9.8E-13, 3.2590000000000005E-06, 5.4400000000000042E-07
DataValue, 8.35, 3, 1.1000000000000001E-13, 3.2865000000000002E-06, 5.4699999999999853E-07
DataValue, 8.4, 3, -3.3E-13, 3.3137E-06, 5.4600000000000481E-07
DataValue, 8.45, 3, 2.7E-13, 3.3411000000000005E-06, 5.48000000000005E-07
DataValue, 8.5, 3, 1.03E-12, 3.3685000000000004E-06, 5.47999999999991E-07
DataValue, 8.55, 3, 1.04E-12, 3.3959000000000004E-06, 5.4400000000000042E-07
DataValue, 8.6, 3, 3.3E-13, 3.4229000000000003E-06, 5.5100000000000307E-07
DataValue, 8.65, 3, -2.0000000000000003E-14, 3.4510000000000005E-06, 5.5599999999999148E-07
DataValue, 8.7000000000000011, 3, -4.1E-13, 3.4785000000000002E-06, 5.4899999999999868E-07
DataValue, 8.75, 3, 8.1000000000000008E-13, 3.5059E-06, 5.5200000000000113E-07
DataValue, 8.8, 3, 9.9E-13, 3.5337E-06, 5.5700000000000362E-07
DataValue, 8.85, 3, 1.04E-12, 3.5616000000000003E-06, 5.5300000000000332E-07
DataValue, 8.9, 3, 4.0000000000000006E-14, 3.5890000000000003E-06, 5.4999999999999113E-07
DataValue, 8.9500000000000011, 3, -3.1000000000000004E-13, 3.6166000000000002E-06, 5.5100000000000307E-07
DataValue, 9, 3, 1.2000000000000002E-13, 3.6441000000000004E-06, 5.5000000000000511E-07
DataValue, 9.05, 3, 9.2000000000000012E-13, 3.6716000000000006E-06, 5.5000000000000088E-07
DataValue, 9.1, 3, 1.22E-12, 3.6991000000000003E-06, 5.5400000000000128E-07
DataValue, 9.15, 3, 8E-13, 3.7270000000000005E-06, 5.5499999999999363E-07
DataValue, 9.2000000000000011, 3, 1.5000000000000002E-13, 3.7546000000000004E-06, 5.6700000000000014E-07
DataValue, 9.25, 3, -3.1000000000000004E-13, 3.7837000000000003E-06, 5.6900000000000029E-07
DataValue, 9.3, 3, -2.0000000000000003E-14, 3.8115000000000003E-06, 5.5400000000000128E-07
DataValue, 9.35, 3, 1.09E-12, 3.8391E-06, 5.5400000000000128E-07
DataValue, 9.4, 3, 1.13E-12, 3.8669E-06, 5.63999999999992E-07
DataValue, 9.4500000000000011, 3, 7.3E-13, 3.8955E-06, 5.6500000000000423E-07
DataValue, 9.5, 3, -1.0000000000000002E-14, 3.9234E-06, 5.5700000000000362E-07
DataValue, 9.55, 3, -2.8E-13, 3.9512E-06, 5.5499999999999924E-07
DataValue, 9.6, 3, 6.0000000000000007E-13, 3.9789E-06, 5.5800000000000582E-07
DataValue, 9.65, 3, 1.12E-12, 4.0070000000000008E-06, 5.5399999999999567E-07
DataValue, 9.7000000000000011, 3, 8.8000000000000009E-13, 4.0343000000000005E-06, 5.5499999999999924E-07
DataValue, 9.75, 3, -1.0000000000000002E-14, 4.0625000000000005E-06, 5.6700000000000014E-07
DataValue, 9.8, 3, -4E-13, 4.091E-06, 5.6500000000000423E-07
DataValue, 9.85, 3, -5E-14, 4.1190000000000007E-06, 5.6600000000000642E-07
DataValue, 9.9, 3, 9.5E-13, 4.1476000000000007E-06, 5.6299999999998978E-07
DataValue, 9.9500000000000011, 3, 1.17E-12, 4.1753000000000005E-06, 5.6099999999999545E-07
DataValue, 10, 3, 2.7E-13, 4.2037E-06, 5.6800000000000392E-07
DataValue, -5, 5, 4.4000000000000004E-13, -9.2E-14, -2.2440000000000082E-12
DataValue, -4.95, 5, 1.2900000000000002E-12, -2.042E-13, -3.6000000000000139E-13
DataValue, -4.9, 5, 4.3000000000000004E-13, -1.28E-13, 5.2200000000000181E-13
DataValue, -4.8500000000000005, 5, 2.7E-13, -1.52E-13, -1.2659999999999932E-12
DataValue, -4.8, 5, 1.09E-12, -2.546E-13, -1.2139999999999932E-12
DataValue, -4.75, 5, -1.2000000000000002E-13, -2.734E-13, 6.4000000000000257E-14
DataValue, -4.7, 5, 3.0000000000000005E-14, -2.482E-13, 6.12000000000002E-13
DataValue, -4.65, 5, -5.1E-13, -2.122E-13, 3.7400000000000128E-13
DataValue, -4.6000000000000005, 5, -9.0000000000000008E-14, -2.108E-13, -9.7799999999999482E-13
DataValue, -4.55, 5, -1.7E-13, -3.1E-13, -3.6999999999999822E-13
DataValue, -4.5, 5, -3.4E-13, -2.478E-13, 7.6200000000000291E-13
DataValue, -4.45, 5, -5E-13, -2.3379999999999997E-13, -5.2800000000000179E-13
DataValue, -4.4, 5, -2.7E-13, -3.006E-13, 1.0240000000000033E-12
DataValue, -4.3500000000000005, 5, 2.3000000000000003E-13, -1.314E-13, 8.7999999999999764E-14
DataValue, -4.3, 5, 7.5E-13, -2.918E-13, -1.649999999999991E-12
DataValue, -4.25, 5, -6.400000000000001E-13, -2.964E-13, 5.6000000000000165E-14
DataValue, -4.2, 5, 3.3E-13, -2.862E-13, 3.9400000000000105E-13
DataValue, -4.15, 5, -6.0000000000000007E-13, -2.57E-13, 4.3999999999999732E-13
DataValue, -4.1, 5, 9.000000000000001E-13, -2.422E-13, -1.3839999999999925E-12
DataValue, -4.05, 5, 7.6000000000000009E-13, -3.954E-13, -4.1000000000000123E-13
DataValue, -4, 5, -1.8000000000000002E-13, -2.832E-13, 1.5460000000000057E-12
DataValue, -3.95, 5, -4.3000000000000004E-13, -2.408E-13, -4.7799999999999968E-13
DataValue, -3.9, 5, -7E-14, -3.31E-13, -1.0119999999999993E-12
DataValue, -3.85, 5, 2E-13, -3.42E-13, 4.2000000000000376E-14
DataValue, -3.8000000000000003, 5, -5.2E-13, -3.268E-13, 4.7599999999999979E-13
DataValue, -3.75, 5, -4.3000000000000004E-13, -2.944E-13, -2.4799999999999985E-13
DataValue, -3.7, 5, 3.0000000000000003E-13, -3.516E-13, -1.6399999999999996E-13
DataValue, -3.65, 5, -5.2E-13, -3.108E-13, 9.33999999999999E-13
DataValue, -3.6, 5, -5.1E-13, -2.582E-13, -3.7800000000000137E-13
DataValue, -3.5500000000000003, 5, 1E-13, -3.486E-13, -9.15999999999999E-13
DataValue, -3.5, 5, -3.5E-13, -3.498E-13, 1.7000000000000013E-13
DataValue, -3.45, 5, -2.8E-13, -3.3159999999999997E-13, 5.79999999999998E-14
DataValue, -3.4, 5, -2.1000000000000001E-13, -3.44E-13, -8.0000000000000088E-14
DataValue, -3.35, 5, 9.0000000000000008E-14, -3.396E-13, 1.3600000000000061E-13
DataValue, -3.3000000000000003, 5, -1.8000000000000002E-13, -3.304E-13, 5.5199999999999957E-13
DataValue, -3.25, 5, -2E-13, -2.844E-13, -4.3599999999999945E-13
DataValue, -3.2, 5, 9.0000000000000008E-14, -3.7399999999999997E-13, 2.7399999999999939E-13
DataValue, -3.15, 5, 3.2000000000000005E-13, -2.57E-13, 5.3999999999999921E-13
DataValue, -3.1, 5, 1.14E-12, -3.2E-13, -1.4860000000000052E-12
DataValue, -3.0500000000000003, 5, -1.0000000000000002E-14, -4.056E-13, 5.4000000000000022E-14
DataValue, -3, 5, -1.2000000000000002E-13, -3.146E-13, 9.8399999999999924E-13
DataValue, -2.95, 5, -3.3E-13, -3.072E-13, 4.4799999999999981E-13
DataValue, -2.9, 5, 0, -2.6979999999999997E-13, -6.6399999999999939E-13
DataValue, -2.85, 5, 4.6000000000000006E-13, -3.736E-13, -8.28000000000003E-13
DataValue, -2.8000000000000003, 5, -1.7E-13, -3.526E-13, 8.7799999999999909E-13
DataValue, -2.75, 5, -1.6000000000000003E-13, -2.858E-13, 1.5799999999999978E-13
DataValue, -2.7, 5, 1.7E-13, -3.368E-13, -8.97999999999999E-13
DataValue, -2.65, 5, 2E-13, -3.756E-13, -2.959999999999997E-13
DataValue, -2.6, 5, -6.7000000000000007E-13, -3.664E-13, 9.6000000000000134E-14
DataValue, -2.5500000000000003, 5, -1.0000000000000002E-14, -3.66E-13, 6.4999999999999915E-13
DataValue, -2.5, 5, 8.0000000000000013E-14, -3.014E-13, 3.8399999999999983E-13
DataValue, -2.45, 5, 1.27E-12, -3.276E-13, -4.5399999999999948E-13
DataValue, -2.4, 5, 4.0000000000000006E-14, -3.468E-13, -2.5599999999999987E-13
DataValue, -2.35, 5, 4.3000000000000004E-13, -3.532E-13, -3.8400000000000154E-13
DataValue, -2.3000000000000003, 5, -1.5000000000000002E-13, -3.852E-13, -2.7399999999999989E-13
DataValue, -2.25, 5, -1.4E-13, -3.806E-13, -3.4999999999999922E-13
DataValue, -2.2, 5, 5.5000000000000008E-13, -4.2019999999999997E-13, -9.79999999999996E-14
DataValue, -2.15, 5, -7E-14, -3.904E-13, 8.69999999999999E-13
DataValue, -2.1, 5, -3.0000000000000003E-13, -3.332E-13, 1.5799999999999978E-13
DataValue, -2.05, 5, -3.6000000000000003E-13, -3.746E-13, 2.6000000000000069E-14
DataValue, -2, 5, 1.8000000000000002E-13, -3.3059999999999997E-13, -2.380000000000004E-13
DataValue, -1.95, 5, -2.8E-13, -3.984E-13, -3.5600000000000065E-13
DataValue, -1.9000000000000001, 5, -1.7E-13, -3.662E-13, 7.140000000000012E-13
DataValue, -1.85, 5, 1.5000000000000002E-13, -3.2699999999999997E-13, 8.8000000000000155E-14
DataValue, -1.8, 5, 1.26E-12, -3.5739999999999997E-13, -4.4400000000000003E-13
DataValue, -1.75, 5, -2.5E-13, -3.714E-13, -3.7599999999999976E-13
DataValue, -1.7, 5, 7.2000000000000006E-13, -3.95E-13, -7.9999999999995731E-15
DataValue, -1.6500000000000001, 5, -2E-13, -3.7219999999999997E-13, 7.999999999999976E-14
DataValue, -1.6, 5, -2.9000000000000003E-13, -3.87E-13, 1.099999999999999E-12
DataValue, -1.55, 5, 4.8000000000000008E-13, -2.622E-13, -4.9799999999999909E-13
DataValue, -1.5, 5, 1.1900000000000002E-12, -4.3679999999999997E-13, -6.4799999999999926E-13
DataValue, -1.45, 5, -2E-13, -3.2699999999999997E-13, 6.9400000000000078E-13
DataValue, -1.4000000000000001, 5, 9.000000000000001E-13, -3.674E-13, -8.2000000000000115E-13
DataValue, -1.35, 5, 1.3E-13, -4.0899999999999997E-13, 1.3999999999999978E-13
DataValue, -1.3, 5, -2E-13, -3.534E-13, -4.6200000000000005E-13
DataValue, -1.25, 5, -1.5000000000000002E-13, -4.552E-13, -4.499999999999997E-13
DataValue, -1.2, 5, 4.2000000000000003E-13, -3.984E-13, 6.5400000000000095E-13
DataValue, -1.1500000000000001, 5, -2.2000000000000002E-13, -3.898E-13, 9.280000000000015E-13
DataValue, -1.1, 5, -4.4000000000000004E-13, -3.056E-13, 5.2999999999999976E-13
DataValue, -1.05, 5, -7E-14, -3.368E-13, -5.679999999999997E-13
DataValue, -1, 5, 5.2E-13, -3.624E-13, -4.5800000000000027E-13
DataValue, -0.95000000000000007, 5, -4.8000000000000008E-13, -3.826E-13, -4.1600000000000004E-13
DataValue, -0.9, 5, -3.0000000000000005E-14, -4.04E-13, 5.5399999999999946E-13
DataValue, -0.85, 5, 5.9E-13, -3.272E-13, 2.1000000000000017E-13
DataValue, -0.8, 5, 1.27E-12, -3.83E-13, -4.5599999999999987E-13
DataValue, -0.75, 5, -1E-13, -3.728E-13, -3.9200000000000035E-13
DataValue, -0.70000000000000007, 5, 1.3E-13, -4.222E-13, -2.480000000000001E-13
DataValue, -0.65, 5, -1.2000000000000002E-13, -3.976E-13, 1.0099999999999993E-12
DataValue, -0.6, 5, 5E-14, -3.212E-13, 6.8000000000000023E-13
DataValue, -0.55, 5, 2.9000000000000003E-13, -3.296E-13, 5.6680000000000013E-12
DataValue, -0.5, 5, 3.2000000000000005E-13, 2.456E-13, 2.5017999999999994E-11
DataValue, -0.45, 5, -5.9E-13, 2.1722E-12, 8.5764E-11
DataValue, -0.4, 5, 1.2800000000000002E-12, 8.822E-12, 2.9085800000000005E-10
DataValue, -0.35000000000000003, 5, 1.4200000000000002E-12, 3.1258E-11, 9.2528199999999985E-10
DataValue, -0.3, 5, -2.6E-13, 1.013502E-10, 2.5765199999999997E-09
DataValue, -0.25, 5, 9.2000000000000012E-13, 2.8891000000000004E-10, 5.8968980000000012E-09
DataValue, -0.2, 5, 1.3300000000000002E-12, 6.9104E-10, 1.0786899999999999E-08
DataValue, -0.15, 5, -1.8200000000000003E-12, 1.3676E-09, 1.62586E-08
DataValue, -0.1, 5, -1.0000000000000002E-14, 2.3169E-09, 2.1500000000000004E-08
DataValue, -0.05, 5, 8.4000000000000006E-13, 3.5176E-09, 2.6539E-08
DataValue, 0, 5, 1.02E-12, 4.9708E-09, 3.1514999999999995E-08
DataValue, 0.05, 5, 1.41E-12, 6.6691E-09, 3.6582999999999991E-08
DataValue, 0.1, 5, 6.1E-13, 8.6291E-09, 4.1794000000000004E-08
DataValue, 0.15, 5, -1.0000000000000002E-14, 1.08485E-08, 4.7449E-08
DataValue, 0.2, 5, -2.5500000000000002E-12, 1.3374E-08, 5.2719000000000004E-08
DataValue, 0.25, 5, 1.69E-12, 1.61204E-08, 5.7771999999999996E-08
DataValue, 0.3, 5, 1.6300000000000001E-12, 1.9151199999999998E-08, 6.3355999999999975E-08
DataValue, 0.35000000000000003, 5, 1.0500000000000002E-12, 2.2456E-08, 6.8849999999999958E-08
DataValue, 0.4, 5, 1.4900000000000001E-12, 2.6036199999999997E-08, 7.4417999999999985E-08
DataValue, 0.45, 5, 1.4400000000000001E-12, 2.9897799999999997E-08, 8.0010000000000053E-08
DataValue, 0.5, 5, 1.21E-12, 3.40372E-08, 8.5651999999999992E-08
DataValue, 0.55, 5, 1.03E-12, 3.8463E-08, 9.1348E-08
DataValue, 0.6, 5, 1.31E-12, 4.3172E-08, 9.7006000000000028E-08
DataValue, 0.65, 5, 1.23E-12, 4.81636E-08, 1.0280599999999987E-07
DataValue, 0.70000000000000007, 5, 1.32E-12, 5.3452599999999994E-08, 1.09526E-07
DataValue, 0.75, 5, 1.2400000000000002E-12, 5.9116199999999996E-08, 1.1542400000000003E-07
DataValue, 0.8, 5, 1.21E-12, 6.4995E-08, 1.2037799999999997E-07
DataValue, 0.85, 5, 8.6000000000000007E-13, 7.115399999999999E-08, 1.2638199999999997E-07
DataValue, 0.9, 5, 8.7E-13, 7.7633199999999989E-08, 1.3227399999999988E-07
DataValue, 0.95000000000000007, 5, 1.07E-12, 8.4381399999999988E-08, 1.38138E-07
DataValue, 1, 5, 1.08E-12, 9.1446999999999985E-08, 1.4424400000000008E-07
DataValue, 1.05, 5, 8.2E-13, 9.88058E-08, 1.5028399999999989E-07
DataValue, 1.1, 5, 5.9E-13, 1.0647539999999999E-07, 1.5624199999999979E-07
DataValue, 1.1500000000000001, 5, 1.2400000000000002E-12, 1.1442999999999999E-07, 1.6224600000000041E-07
DataValue, 1.2, 5, 9.4E-13, 1.227E-07, 1.6870000000000026E-07
DataValue, 1.25, 5, 1.4800000000000002E-12, 1.313E-07, 1.7439999999999987E-07
DataValue, 1.3, 5, 1.8000000000000002E-13, 1.4014E-07, 1.8219999999999998E-07
DataValue, 1.35, 5, 6.0000000000000009E-14, 1.4952E-07, 1.8879999999999979E-07
DataValue, 1.4000000000000001, 5, -2.8E-13, 1.5902E-07, 1.9340000000000013E-07
DataValue, 1.45, 5, 5.5000000000000008E-13, 1.6886E-07, 1.9940000000000032E-07
DataValue, 1.5, 5, 1.4700000000000002E-12, 1.7896E-07, 2.0539999999999979E-07
DataValue, 1.55, 5, 5.5000000000000008E-13, 1.894E-07, 2.1159999999999967E-07
DataValue, 1.6, 5, 6.0000000000000009E-14, 2.0012E-07, 2.173999999999999E-07
DataValue, 1.6500000000000001, 5, -5E-14, 2.1114E-07, 2.2380000000000022E-07
DataValue, 1.7, 5, 8.7E-13, 2.225E-07, 2.3040000000000032E-07
DataValue, 1.75, 5, 1.2400000000000002E-12, 2.3418E-07, 2.3700000000000012E-07
DataValue, 1.8, 5, 3.3E-13, 2.462E-07, 2.4299999999999952E-07
DataValue, 1.85, 5, -5.1E-13, 2.5847999999999997E-07, 2.5099999999999959E-07
DataValue, 1.9000000000000001, 5, 2.5E-13, 2.713E-07, 2.5760000000000072E-07
DataValue, 1.95, 5, 1.36E-12, 2.8424E-07, 2.6240000000000039E-07
DataValue, 2, 5, 1.08E-12, 2.9754E-07, 2.6840000000000031E-07
DataValue, 2.05, 5, 2.5E-13, 3.1108E-07, 2.741999999999999E-07
DataValue, 2.1, 5, -4.1E-13, 3.2496E-07, 2.8099999999999967E-07
DataValue, 2.15, 5, 1.3E-13, 3.3918E-07, 2.8719999999999929E-07
DataValue, 2.2, 5, 1.3900000000000001E-12, 3.5368E-07, 2.9379999999999989E-07
DataValue, 2.25, 5, 1.31E-12, 3.6856E-07, 3.0059999999999966E-07
DataValue, 2.3000000000000003, 5, 9.0000000000000008E-14, 3.8373999999999997E-07, 3.0639999999999936E-07
DataValue, 2.35, 5, -2.4000000000000004E-13, 3.992E-07, 3.1260000000000141E-07
DataValue, 2.4, 5, 1E-12, 4.15E-07, 3.2100000000000003E-07
DataValue, 2.45, 5, 1.22E-12, 4.313E-07, 3.2739999999999987E-07
DataValue, 2.5, 5, 7.100000000000001E-13, 4.4774E-07, 3.3199999999999974E-07
DataValue, 2.5500000000000003, 5, -4E-13, 4.645E-07, 3.3799999999999966E-07
DataValue, 2.6, 5, 1.3E-13, 4.8154E-07, 3.4460000000000074E-07
DataValue, 2.65, 5, 6.7000000000000007E-13, 4.9896E-07, 3.515999999999992E-07
DataValue, 2.7, 5, 1.2400000000000002E-12, 5.167E-07, 3.5739999999999943E-07
DataValue, 2.75, 5, 2.8E-13, 5.3469999999999994E-07, 3.6300000000000048E-07
DataValue, 2.8000000000000003, 5, -3.3E-13, 5.53E-07, 3.6979999999999972E-07
DataValue, 2.85, 5, 2.2000000000000002E-13, 5.7167999999999994E-07, 3.7680000000000083E-07
DataValue, 2.9, 5, 9.9E-13, 5.9068E-07, 3.8279999999999964E-07
DataValue, 2.95, 5, 1.6200000000000002E-12, 6.0995999999999994E-07, 3.8939999999999966E-07
DataValue, 3, 5, 7.4000000000000008E-13, 6.2962E-07, 3.9920000000000019E-07
DataValue, 3.0500000000000003, 5, -4.3000000000000004E-13, 6.4988E-07, 4.0599999999999943E-07
DataValue, 3.1, 5, -2.2000000000000002E-13, 6.7022E-07, 4.0940000000000085E-07
DataValue, 3.15, 5, 6.400000000000001E-13, 6.9081999999999994E-07, 4.1579999999999995E-07
DataValue, 3.2, 5, 1.5400000000000001E-12, 7.118E-07, 4.2299999999999965E-07
DataValue, 3.25, 5, 3.4E-13, 7.3311999999999994E-07, 4.2939999999999949E-07
DataValue, 3.3000000000000003, 5, -2.8E-13, 7.5474E-07, 4.358000000000004E-07
DataValue, 3.35, 5, -3.0000000000000005E-14, 7.767E-07, 4.4180000000000175E-07
DataValue, 3.4, 5, 1.17E-12, 7.9892E-07, 4.487999999999992E-07
DataValue, 3.45, 5, 1.2400000000000002E-12, 8.2158E-07, 4.5479999999999965E-07
DataValue, 3.5, 5, 6.0000000000000007E-13, 8.444E-07, 4.6219999999999957E-07
DataValue, 3.5500000000000003, 5, -1.1000000000000001E-13, 8.678E-07, 4.6819999999999896E-07
DataValue, 3.6, 5, 3.8000000000000005E-13, 8.9122E-07, 4.7380000000000214E-07
DataValue, 3.65, 5, 8.6000000000000007E-13, 9.1518E-07, 4.8199999999999979E-07
DataValue, 3.7, 5, 1.4800000000000002E-12, 9.3942E-07, 4.8859999999999986E-07
DataValue, 3.75, 5, 1.5000000000000002E-13, 9.6404E-07, 4.953999999999991E-07
DataValue, 3.8000000000000003, 5, -2.8E-13, 9.8896E-07, 5.0119999999999827E-07
DataValue, 3.85, 5, 3.0000000000000003E-13, 1.01416E-06, 5.0740000000000223E-07
DataValue, 3.9, 5, 8.8000000000000009E-13, 1.0397E-06, 5.1500000000000015E-07
DataValue, 3.95, 5, 1.46E-12, 1.06566E-06, 5.2219999999999985E-07
DataValue, 4, 5, 2.2000000000000002E-13, 1.09192E-06, 5.28600000000001E-07
DataValue, 4.05, 5, 0, 1.1185199999999999E-06, 5.3360000000000134E-07
DataValue, 4.1, 5, 1.5000000000000002E-13, 1.14528E-06, 5.3079999999999975E-07
DataValue, 4.15, 5, 7.8000000000000011E-13, 1.1716000000000001E-06, 5.3919999999999869E-07
DataValue, 4.2, 5, 7.7000000000000005E-13, 1.1992E-06, 5.5500000000000136E-07
DataValue, 4.25, 5, 8.9E-13, 1.2271E-06, 5.6200000000000188E-07
DataValue, 4.3, 5, 1.4E-12, 1.2554E-06, 5.6899999999999733E-07
DataValue, 4.3500000000000005, 5, 3.8000000000000005E-13, 1.2840000000000001E-06, 5.7299999999999763E-07
DataValue, 4.4, 5, 1.2000000000000002E-13, 1.3127000000000002E-06, 5.8100000000000119E-07
DataValue, 4.45, 5, -2E-13, 1.3421E-06, 5.91000000000002E-07
DataValue, 4.5, 5, 6.7000000000000007E-13, 1.3718000000000002E-06, 5.9400000000000227E-07
DataValue, 4.55, 5, 1.17E-12, 1.4015E-06, 6.0199999999999758E-07
DataValue, 4.6000000000000005, 5, 1.4400000000000001E-12, 1.4320000000000002E-06, 6.0999999999999808E-07
DataValue, 4.65, 5, 6.0000000000000007E-13, 1.4625000000000002E-06, 6.1500000000000184E-07
DataValue, 4.7, 5, -2.7E-13, 1.4935000000000002E-06, 6.2100000000000229E-07
DataValue, 4.75, 5, 5E-14, 1.5246000000000002E-06, 6.2600000000000267E-07
DataValue, 4.8, 5, 1.1500000000000002E-12, 1.5561000000000002E-06, 6.3699999999999576E-07
DataValue, 4.8500000000000005, 5, 1.6E-12, 1.5883000000000001E-06, 6.4399999999999629E-07
DataValue, 4.9, 5, 8.8000000000000009E-13, 1.6205000000000002E-06, 6.4900000000000238E-07
DataValue, 4.95, 5, 8.0000000000000013E-14, 1.6532000000000001E-06, 6.5600000000000291E-07
DataValue, 5, 5, -3.0000000000000005E-14, 1.6861000000000003E-06, 6.6600000000000366E-07
DataValue, 5.05, 5, 5.4E-13, 1.7198000000000003E-06, 6.7199999999999606E-07
DataValue, 5.1000000000000005, 5, 1.1600000000000001E-12, 1.7533000000000002E-06, 6.7699999999999644E-07
DataValue, 5.15, 5, 1.02E-12, 1.7875000000000003E-06, 6.8300000000000293E-07
DataValue, 5.2, 5, 2.2000000000000002E-13, 1.8216000000000003E-06, 6.8700000000000111E-07
DataValue, 5.25, 5, -1.0000000000000002E-14, 1.8562000000000001E-06, 6.9600000000000179E-07
DataValue, 5.3, 5, 5E-14, 1.8912000000000002E-06, 7.0199999999999821E-07
DataValue, 5.3500000000000005, 5, 1.0100000000000001E-12, 1.9264000000000003E-06, 7.0899999999999652E-07
DataValue, 5.4, 5, 1.4300000000000002E-12, 1.9621000000000002E-06, 7.1800000000000143E-07
DataValue, 5.45, 5, 3.7000000000000004E-13, 1.9982E-06, 7.2400000000000188E-07
DataValue, 5.5, 5, -2E-13, 2.0345E-06, 7.2800000000000218E-07
DataValue, 5.55, 5, -3.4E-13, 2.071E-06, 7.2799999999999572E-07
DataValue, 5.6000000000000005, 5, 6.6E-13, 2.1073E-06, 7.3499999999999836E-07
DataValue, 5.65, 5, 1.08E-12, 2.1445000000000004E-06, 7.4800000000000379E-07
DataValue, 5.7, 5, 6.0000000000000007E-13, 2.1821000000000002E-06, 7.5600000000000015E-07
DataValue, 5.75, 5, 1.2000000000000002E-13, 2.2201E-06, 7.6000000000000056E-07
DataValue, 5.8, 5, -4.1E-13, 2.2581E-06, 7.6299999999999613E-07
DataValue, 5.8500000000000005, 5, 2.1000000000000001E-13, 2.2964E-06, 7.73999999999999E-07
DataValue, 5.9, 5, 9.5E-13, 2.3355000000000003E-06, 7.77000000000004E-07
DataValue, 5.95, 5, 1.4200000000000002E-12, 2.3741000000000003E-06, 7.7699999999999972E-07
DataValue, 6, 5, 2.4000000000000004E-13, 2.4132E-06, 7.8200000000000221E-07
DataValue, 6.05, 5, -8.0000000000000013E-14, 2.4523000000000002E-06, 7.8599999999999976E-07
DataValue, 6.1000000000000005, 5, 2.9000000000000003E-13, 2.4918000000000004E-06, 7.8999999999999582E-07
DataValue, 6.15, 5, 1.27E-12, 2.5313000000000002E-06, 7.9200000000000307E-07
DataValue, 6.2, 5, 1.23E-12, 2.5710000000000005E-06, 7.9900000000000148E-07
DataValue, 6.25, 5, 4.3000000000000004E-13, 2.6112E-06, 8.0599999999999989E-07
DataValue, 6.3, 5, 4.0000000000000006E-14, 2.6516E-06, 8.0599999999999692E-07
DataValue, 6.3500000000000005, 5, 1.4E-13, 2.6918000000000002E-06, 8.0799999999999707E-07
DataValue, 6.4, 5, 7.6000000000000009E-13, 2.7324000000000003E-06, 8.0700000000000208E-07
DataValue, 6.45, 5, 1.59E-12, 2.7725E-06, 8.0800000000000427E-07
DataValue, 6.5, 5, 9.8E-13, 2.8132000000000004E-06, 8.1700000000000283E-07
DataValue, 6.55, 5, 3.4E-13, 2.8542E-06, 8.2299999999999608E-07
DataValue, 6.6000000000000005, 5, -2E-13, 2.8955000000000005E-06, 8.2499999999999612E-07
DataValue, 6.65, 5, 5.7E-13, 2.9367E-06, 8.2600000000000149E-07
DataValue, 6.7, 5, 1.3000000000000001E-12, 2.9781000000000003E-06, 8.2400000000000558E-07
DataValue, 6.75, 5, 1.2400000000000002E-12, 3.0191000000000005E-06, 8.2200000000000119E-07
DataValue, 6.8, 5, 3.0000000000000003E-13, 3.0603E-06, 8.2799999999999423E-07
DataValue, 6.8500000000000005, 5, -5.3000000000000006E-13, 3.1019000000000003E-06, 8.2899999999999643E-07
DataValue, 6.9, 5, 1.9000000000000002E-13, 3.1432000000000002E-06, 8.3300000000000414E-07
DataValue, 6.95, 5, 1.3000000000000001E-12, 3.1852000000000004E-06, 8.3300000000000414E-07
DataValue, 7, 5, 1.2500000000000001E-12, 3.2265000000000004E-06, 8.3600000000000224E-07
DataValue, 7.05, 5, 3.6000000000000003E-13, 3.2688000000000004E-06, 8.4199999999999528E-07
DataValue, 7.1000000000000005, 5, -3.2000000000000005E-13, 3.3107000000000003E-06, 8.3999999999999513E-07
DataValue, 7.15, 5, -6.0000000000000009E-14, 3.3528000000000003E-06, 8.4300000000000489E-07
DataValue, 7.2, 5, 3.7000000000000004E-13, 3.3950000000000005E-06, 8.4300000000000489E-07
DataValue, 7.25, 5, 1.03E-12, 3.4371000000000005E-06, 8.450000000000008E-07
DataValue, 7.3, 5, 1.22E-12, 3.4795000000000003E-06, 8.4399999999999543E-07
DataValue, 7.3500000000000005, 5, 3.6000000000000003E-13, 3.5215000000000005E-06, 8.4199999999999528E-07
DataValue, 7.4, 5, -3.3E-13, 3.5637000000000003E-06, 8.420000000000027E-07
DataValue, 7.45, 5, 1E-13, 3.6057000000000005E-06, 8.46000000000003E-07
DataValue, 7.5, 5, 1.3500000000000001E-12, 3.6483000000000003E-06, 8.59000000000002E-07
DataValue, 7.55, 5, 1.1000000000000002E-12, 3.6916000000000004E-06, 8.5399999999999608E-07
DataValue, 7.6000000000000005, 5, 5.2E-13, 3.7337000000000004E-06, 8.5799999999999638E-07
DataValue, 7.65, 5, 7E-14, 3.7774000000000005E-06, 8.630000000000065E-07
DataValue, 7.7, 5, -1.2000000000000002E-13, 3.8200000000000007E-06, 8.490000000000011E-07
DataValue, 7.75, 5, 8E-13, 3.8623E-06, 8.5499999999999743E-07
DataValue, 7.8, 5, 1.59E-12, 3.9055E-06, 8.6000000000000077E-07
DataValue, 7.8500000000000005, 5, 3.7000000000000004E-13, 3.9483000000000008E-06, 8.6000000000000077E-07
DataValue, 7.9, 5, -2.0000000000000003E-14, 3.9915000000000007E-06, 8.5799999999999553E-07
DataValue, 7.95, 5, -2.2000000000000002E-13, 4.0341E-06, 8.5999999999999992E-07
DataValue, 8, 5, 1.1500000000000002E-12, 4.0775E-06, 8.7099999999999937E-07
DataValue, 8.05, 5, 1.3400000000000002E-12, 4.1212000000000005E-06, 8.790000000000077E-07
DataValue, 8.1, 5, 1.21E-12, 4.1654000000000008E-06, 8.7099999999999863E-07
DataValue, 8.15, 5, -8.0000000000000013E-14, 4.2083E-06, 8.7399999999999674E-07
DataValue, 8.2, 5, 1.1000000000000001E-13, 4.2528E-06, 8.8200000000000591E-07
DataValue, 8.25, 5, 2.0000000000000003E-14, 4.2965E-06, 8.6999999999998945E-07
DataValue, 8.3, 5, 1.22E-12, 4.3398E-06, 8.6900000000000271E-07
DataValue, 8.35, 5, 1.7000000000000002E-12, 4.3834E-06, 8.8100000000000372E-07
DataValue, 8.4, 5, 1.1600000000000001E-12, 4.4279E-06, 8.8400000000000183E-07
DataValue, 8.45, 5, 2.3000000000000003E-13, 4.4718E-06, 8.660000000000046E-07
DataValue, 8.5, 5, -4E-13, 4.5145000000000006E-06, 8.6899999999998725E-07
DataValue, 8.55, 5, 6.400000000000001E-13, 4.5587E-06, 8.8800000000000213E-07
DataValue, 8.6, 5, 1.2500000000000001E-12, 4.6033000000000005E-06, 8.8200000000000591E-07
DataValue, 8.65, 5, 1.1900000000000002E-12, 4.6469E-06, 8.7399999999998975E-07
DataValue, 8.7000000000000011, 5, 5E-14, 4.6907000000000007E-06, 8.9400000000000681E-07
DataValue, 8.75, 5, -3.6000000000000003E-13, 4.7363000000000007E-06, 9.0100000000000522E-07
DataValue, 8.8, 5, 3.2000000000000005E-13, 4.7808000000000009E-06, 8.9200000000000243E-07
DataValue, 8.85, 5, 9.4E-13, 4.8255000000000006E-06, 8.8599999999999774E-07
DataValue, 8.9, 5, 1.5400000000000001E-12, 4.8694E-06, 8.8799999999998635E-07
DataValue, 8.9500000000000011, 5, 6.9000000000000009E-13, 4.9143000000000005E-06, 9.0300000000000114E-07
DataValue, 9, 5, 2.0000000000000003E-14, 4.9597E-06, 8.9300000000000462E-07
DataValue, 9.05, 5, -5.8000000000000005E-13, 5.0036000000000007E-06, 8.8300000000000811E-07
DataValue, 9.1, 5, 7.100000000000001E-13, 5.0480000000000006E-06, 8.9399999999999834E-07
DataValue, 9.15, 5, 9.8E-13, 5.093E-06, 9.0599999999998315E-07
DataValue, 9.2000000000000011, 5, 9.6000000000000015E-13, 5.1386E-06, 9.1000000000000812E-07
DataValue, 9.25, 5, -1.3E-13, 5.1840000000000007E-06, 9.0900000000000593E-07
DataValue, 9.3, 5, -4.0000000000000006E-14, 5.2295000000000005E-06, 8.9799999999999864E-07
DataValue, 9.35, 5, 1.8000000000000002E-13, 5.2738E-06, 8.9400000000000681E-07
DataValue, 9.4, 5, 9.2000000000000012E-13, 5.3189000000000009E-06, 9.0199999999999143E-07
DataValue, 9.4500000000000011, 5, 1.17E-12, 5.3640000000000007E-06, 8.8599999999999774E-07
DataValue, 9.5, 5, 6.3E-13, 5.4075E-06, 9.0599999999999925E-07
DataValue, 9.55, 5, -2.0000000000000003E-14, 5.4546E-06, 9.3100000000000335E-07
DataValue, 9.6, 5, -3.5E-13, 5.5006E-06, 9.1700000000000653E-07
DataValue, 9.65, 5, 5.6E-13, 5.5463000000000006E-06, 8.9599999999998685E-07
DataValue, 9.7000000000000011, 5, 9.3E-13, 5.5902E-06, 9.0199999999999894E-07
DataValue, 9.75, 5, 1.3300000000000002E-12, 5.6365E-06, 9.1100000000001031E-07
DataValue, 9.8, 5, 4.3000000000000004E-13, 5.681300000000001E-06, 9.0900000000000593E-07
DataValue, 9.85, 5, -2.7E-13, 5.7274000000000004E-06, 9.0999999999999965E-07
DataValue, 9.9, 5, -8.0000000000000013E-14, 5.7723000000000006E-06, 9.0599999999999162E-07
DataValue, 9.9500000000000011, 5, 4.7E-13, 5.8180000000000009E-06, 9.1700000000000653E-07
DataValue, 10, 5, 1.4300000000000002E-12, 5.8640000000000009E-06, 9.2000000000002094E-07